9.6e-007	44109902
5.216e-005	43094304
0.00010336	42838921
0.00015456	42531579
0.00020576	42050711
0.00025696	41767563
0.00030816	41383562
0.00035936	40924897
0.00041056	40662506
0.00046176	40311028
0.00051296	39887319
0.00056416	39486735
0.00061536	39212515
0.00066656	38959767
0.00071776	38913266
0.00076896	38897118
0.00082016	38639490
0.00087136	38613447
0.00092256	38498666
0.00097376	38323745
0.00102496	38251916
0.00107616	38257481
0.00112736	38292849
0.00117856	38207154
0.00122976	37962657
0.00128096	37756340
0.00133216	37581622
0.00138336	37322959
0.00143456	37060179
0.00148576	36773526
0.00153696	36574150
0.00158816	36599951
0.00163936	36577020
0.00169056	36465433
0.00174176	36305880
0.00179296	36215932
0.00184416	36502043
0.00189536	36705864
0.00194656	36640039
0.00199776	36619763
0.00204896	36794489
0.00210016	38462625
0.00215136	39923990
0.00220256	40820299
0.00225376	41236424
0.00230496	42024036
0.00235616	42394221
0.00240736	42382846
0.00245856	42237432
0.00250976	42083626
0.00256096	41899931
0.00261216	41959520
0.00266336	42001435
0.00271456	41805382
0.00276576	41614119
0.00281696	41519614
0.00286816	41642992
0.00291936	41646430
0.00297056	41479217
0.00302176	41361557
0.00307296	41362170
0.00312416	41182796
0.00317536	41105631
0.00322656	41462595
0.00327776	42413920
0.00332896	42306662
0.00338016	42147085
0.00343136	41999670
0.00348256	42054793
0.00353376	41899031
0.00358496	41675912
0.00363616	41556076
0.00368736	41725412
0.00373856	43306478
0.00378976	43576929
0.00384096	43744313
0.00389216	43737757
0.00394336	43542507
0.00399456	43454894
0.00404576	43425679
0.00409696	43252433
0.00414816	43087704
0.00419936	42992938
0.00425056	43176801
0.00430176	43262306
0.00435296	42950786
0.00440416	42977185
0.00445536	43097207
0.00450656	44848659
0.00455776	45544602
0.00460896	45529387
0.00466016	45558063
0.00471136	46195448
0.00476256	48429679
0.00481376	48658428
0.00486496	48668178
0.00491616	48509156
0.00496736	48295759
0.00501856	48287718
0.00506976	48119403
0.00512096	47834811
0.00517216	47580948
0.00522336	47143074
0.00527456	46759966
0.00532576	46518924
0.00537696	46434524
0.00542816	47077579
0.00547936	47481432
0.00553056	47359280
0.00558176	47998936
0.00563296	47845020
0.00568416	47308520
0.00573536	46813499
0.00578656	46466374
0.00583776	46160128
0.00588896	45690535
0.00594016	45663087
0.00632064	48670144
0.00637184	47115361
0.00642304	46556334
0.00647424	46107933
0.00652544	45564184
0.00657664	45062740
0.00662784	44953423
0.00667904	44479982
0.00673024	43888903
0.00678144	43500285
0.00683264	43168604
0.00688384	42920925
0.00693504	42629018
0.00698624	42264646
0.00703744	41839028
0.00708864	41361486
0.00713984	42442366
0.00719104	43273814
0.00724224	43094898
0.00729344	42959547
0.00734464	42627385
0.00739584	42321789
0.00744704	42042071
0.00749824	41780833
0.00754944	41414133
0.00760064	41426576
0.00765184	47130361
0.00770304	49689312
0.00775424	49877327
0.00780544	49843416
0.00785664	49546944
0.00790784	49121157
0.00795904	48757899
0.00801024	48384831
0.00806144	48288591
0.00811264	47895801
0.00816384	47432328
0.00821504	47143715
0.00826624	46731969
0.00831744	46318413
0.00836864	45957991
0.00841984	45450169
0.00847104	44981759
0.00852224	44525711
0.00857344	44325037
0.00862464	44004279
0.00867584	43629284
0.00872704	43340769
0.00877824	42696407
0.00882944	42371826
0.00888064	42136326
0.00893184	41722731
0.00898304	41327839
0.00903424	40880304
0.00908544	40446804
0.00913664	40018808
0.00918784	39690967
0.00923904	39326754
0.00929024	38950368
0.00934144	38642283
0.00939264	38445453
0.00944384	38174006
0.00949504	37762590
0.00954624	37548627
0.00959744	37325472
0.00964864	37106492
0.00969984	36987235
0.00975104	39909217
0.00980224	41469340
0.00985344	41781097
0.00990464	41606031
0.00995584	41164362
0.010007	40726147
0.0100582	40356183
0.0101094	39945648
0.0101606	39690766
0.0102118	39576791
0.010263	39324457
0.0103142	38899424
0.0103654	38663357
0.0104166	38169538
0.0104678	37661556
0.010519	37348046
0.0105702	36939168
0.0106214	36599655
0.0106726	36347022
0.0107238	36059052
0.010775	35436925
0.0108262	34974505
0.0108774	34781614
0.0109286	34572320
0.0109798	34128426
0.011031	33715548
0.0110822	33184955
0.0111334	32733917
0.0111846	32272115
0.0112358	31759280
0.011287	31319774
0.0113382	30860738
0.0113894	30268432
0.0114406	29621719
0.0114918	28775821
0.011543	27883800
0.0120946	61095
0.0120949	60939
0.0120951	61514
0.0120954	61563
0.0120956	61567
0.0120958	60932
0.0120961	61451
0.0120963	60948
0.0120966	61497
0.0120968	61301
0.012097	60732
0.0120973	60501
0.0120975	60805
0.0120978	60999
0.012098	61219
0.0120982	61116
0.0120985	60650
0.0120987	61104
0.012099	60782
0.0120992	60827
0.0120994	60896
0.0120997	60274
0.0120999	60685
0.0121002	60335
0.0121004	61175
0.0121006	59947
0.0121009	61328
0.0121011	60677
0.0121014	60202
0.0121016	60067
0.0121018	60344
0.0121021	60540
0.0121023	60677
0.0121026	60841
0.0121028	60032
0.012103	59576
0.0121033	59716
0.0121035	60531
0.0121038	61096
0.012104	60316
0.0121042	60583
0.0121045	60408
0.0121047	60270
0.012105	60563
0.0121052	60128
0.0121054	59647
0.0121057	60448
0.0121059	60264
0.0121062	59882
0.0121064	59927
0.0121066	59873
0.0121069	59955
0.0121071	59867
0.0121074	58995
0.0121076	60357
0.0121078	60442
0.0121081	59741
0.0121083	59219
0.0121086	59844
0.0121088	59300
0.012109	60587
0.0121093	59724
0.0121095	59361
0.0121098	59766
0.01211	60173
0.0121102	59769
0.0121105	59618
0.0121107	59260
0.012111	59195
0.0121112	59073
0.0121114	59779
0.0121117	59658
0.0121119	61796
0.0121122	607793
0.0121124	3667521
0.0121126	7314794
0.0121129	5287802
0.0121131	3918496
0.0121134	4612992
0.0121136	4641747
0.0121138	4250679
0.0121141	4397350
0.0121143	3902269
0.0121146	3083263
0.0121148	2650691
0.012115	2313291
0.0121153	1947706
0.0121155	1705226
0.0121158	1790900
0.012116	1610341
0.0121162	1228952
0.0121165	1064351
0.0121167	1350946
0.012117	1534597
0.0121172	1487406
0.0121174	1379352
0.0121177	1236650
0.0121179	1071971
0.0121182	941446
0.0121184	851158
0.0121186	720100
0.0121189	942465
0.0121191	1277872
0.0121194	1334750
0.0121196	1253833
0.0121198	1170516
0.0121201	1163836
0.0121203	1145974
0.0121206	1128037
0.0121208	1106039
0.012121	1088536
0.0121213	1046941
0.0121215	1008726
0.0121218	1033598
0.012122	1031891
0.0121222	1012575
0.0121225	998492
0.0121227	980621
0.012123	976520
0.0121232	974177
0.0121234	967032
0.0121237	956594
0.0121239	942798
0.0121242	932669
0.0121244	925014
0.0121246	920012
0.0121249	900793
0.0121251	878779
0.0121254	895731
0.0121256	916495
0.0121258	899496
0.0121261	883773
0.0121263	872954
0.0121266	865392
0.0121268	861025
0.012127	864237
0.0121273	828918
0.0121275	754587
0.0121278	754979
0.012128	827654
0.0121282	847021
0.0121285	844255
0.0121287	828094
0.012129	821923
0.0121292	819112
0.0121294	809085
0.0121297	807804
0.0121299	804844
0.0121302	799951
0.0121304	793364
0.0121306	789501
0.0121309	787813
0.0121311	790254
0.0121314	778510
0.0121316	774938
0.0121318	771636
0.0121321	769648
0.0121323	761071
0.0121326	743105
0.0121328	750031
0.012133	755588
0.0121333	752127
0.0121335	742849
0.0121338	749564
0.012134	753933
0.0121342	756798
0.0121345	747961
0.0121347	742753
0.012135	738213
0.0121352	736458
0.0121354	723210
0.0121357	692289
0.0121359	667228
0.0121362	699462
0.0121364	708308
0.0121366	707491
0.0121369	705985
0.0121371	709215
0.0121374	706612
0.0121376	708976
0.0121378	717827
0.0121381	739213
0.0121383	745160
0.0121386	720513
0.0121388	700897
0.012139	688660
0.0121393	685700
0.0121395	682437
0.0121398	675717
0.01214	670825
0.0121402	668389
0.0121405	646759
0.0121407	602564
0.012141	606546
0.0121412	652763
0.0121414	668268
0.0121417	667319
0.0121419	665788
0.0121422	667267
0.0121424	661437
0.0121426	659618
0.0121429	657429
0.0121431	652042
0.0121434	650337
0.0121436	650858
0.0121438	651523
0.0121441	647658
0.0121443	642665
0.0121446	640996
0.0121448	643348
0.012145	641854
0.0121453	639211
0.0121455	640360
0.0121458	636330
0.012146	636720
0.0121462	635892
0.0121465	632243
0.0121467	628888
0.012147	626062
0.0121472	622006
0.0121474	615796
0.0121477	609399
0.0121479	613160
0.0121482	616281
0.0121484	616656
0.0121486	616521
0.0121489	614725
0.0121491	612387
0.0121494	612227
0.0121496	610845
0.0121498	608965
0.0121501	605481
0.0121503	603175
0.0121506	603184
0.0121508	607437
0.012151	603692
0.0121513	603214
0.0121515	602881
0.0121518	602695
0.012152	600082
0.0121522	599143
0.0121525	596480
0.0121527	595040
0.012153	592054
0.0121532	591949
0.0121534	588291
0.0121537	588428
0.0121539	587987
0.0121542	588025
0.0121544	587540
0.0121546	584251
0.0121549	582850
0.0121551	579726
0.0121554	580623
0.0121556	577341
0.0121558	576493
0.0121561	579366
0.0121563	579075
0.0121566	577724
0.0121568	576875
0.012157	574278
0.0121573	572991
0.0121575	573842
0.0121578	574336
0.012158	573091
0.0121582	574012
0.0121585	572423
0.0121587	568700
0.012159	565989
0.0121592	564564
0.0121594	568905
0.0121597	566771
0.0121599	567759
0.0121602	565566
0.0121604	568300
0.0121606	576545
0.0121609	591113
0.0121611	587300
0.0121614	570130
0.0121616	562047
0.0121618	556920
0.0121621	556622
0.0121623	553156
0.0121626	549572
0.0121628	549081
0.012163	550130
0.0121633	548907
0.0121635	546244
0.0121638	545593
0.012164	545453
0.0121642	549487
0.0121645	546434
0.0121647	546201
0.012165	546538
0.0121652	544328
0.0121654	544296
0.0121657	543807
0.0121659	541852
0.0121662	543539
0.0121664	541168
0.0121666	542077
0.0121669	538116
0.0121671	536031
0.0121674	533835
0.0121676	533356
0.0121678	532086
0.0121681	532381
0.0121683	535352
0.0121686	535515
0.0121688	532406
0.012169	531634
0.0121693	531720
0.0121695	531101
0.0121698	533295
0.01217	533276
0.0121702	529790
0.0121705	529160
0.0121707	529087
0.012171	524222
0.0121712	518471
0.0121714	515980
0.0121717	519819
0.0121719	518488
0.0121722	521613
0.0121724	523456
0.0121726	521041
0.0121729	517701
0.0121731	518196
0.0121734	515546
0.0121736	516785
0.0121738	513625
0.0121741	508726
0.0121743	506439
0.0121746	501116
0.0121748	496789
0.012175	487983
0.0121753	482990
0.0121755	476923
0.0121758	473596
0.012176	471300
0.0121762	474405
0.0121765	481283
0.0121767	483405
0.012177	489716
0.0121772	492374
0.0121774	498349
0.0121777	500563
0.0121779	500573
0.0121782	499632
0.0121784	496506
0.0121786	498595
0.0121789	503850
0.0121791	502647
0.0121794	506229
0.0121796	504476
0.0121798	503362
0.0121801	504460
0.0121803	505710
0.0121806	505752
0.0121808	501589
0.012181	500489
0.0121813	499983
0.0121815	499589
0.0121818	501252
0.012182	502124
0.0121822	500124
0.0121825	498196
0.0121827	498193
0.012183	497408
0.0121832	501879
0.0121834	499218
0.0121837	497299
0.0121839	498540
0.0121842	498170
0.0121844	495556
0.0121846	496595
0.0121849	495668
0.0121851	494244
0.0121854	492949
0.0121856	492296
0.0121858	489574
0.0121861	486468
0.0121863	484080
0.0121866	486479
0.0121868	490468
0.012187	490388
0.0121873	492679
0.0121875	493785
0.0121878	499526
0.012188	504504
0.0121882	500913
0.0121885	503181
0.0121887	499991
0.012189	496275
0.0121892	492582
0.0121894	492028
0.0121897	487133
0.0121899	484038
0.0121902	483360
0.0121904	483554
0.0121906	485731
0.0121909	486333
0.0121911	482458
0.0121914	477410
0.0121916	479512
0.0121918	482312
0.0121921	482887
0.0121923	482143
0.0121926	482014
0.0121928	480034
0.012193	477549
0.0121933	481810
0.0121935	481080
0.0121938	481200
0.012194	477624
0.0121942	480892
0.0121945	480035
0.0121947	480344
0.012195	481073
0.0121952	480205
0.0121954	476761
0.0121957	476889
0.0121959	478725
0.0121962	477647
0.0121964	473887
0.0121966	471756
0.0121969	473407
0.0121971	475356
0.0121974	473354
0.0121976	473823
0.0121978	469933
0.0121981	464954
0.0121983	457429
0.0121986	459045
0.0121988	464610
0.012199	467521
0.0121993	470518
0.0121995	469696
0.0121998	471922
0.0122	469743
0.0122002	466468
0.0122005	468234
0.0122007	465136
0.012201	461799
0.0122012	460758
0.0122014	462675
0.0122017	466411
0.0122019	468916
0.0122022	468871
0.0122024	465604
0.0122026	464426
0.0122029	462162
0.0122031	460752
0.0122034	460441
0.0122036	462267
0.0122038	463329
0.0122041	462688
0.0122043	465589
0.0122046	462994
0.0122048	462499
0.012205	462961
0.0122053	461981
0.0122055	460237
0.0122058	461657
0.012206	458446
0.0122062	459926
0.0122065	460396
0.0122067	458990
0.012207	461112
0.0122072	459754
0.0122074	455715
0.0122077	449003
0.0122079	454243
0.0122082	456193
0.0122084	456277
0.0122086	456776
0.0122089	461824
0.0122091	458540
0.0122094	452936
0.0122096	451018
0.0122098	454681
0.0122101	451081
0.0122103	452843
0.0122106	453583
0.0122108	452189
0.012211	452432
0.0122113	449309
0.0122115	445632
0.0122118	446688
0.012212	445125
0.0122122	449089
0.0122125	450432
0.0122127	440850
0.012213	426689
0.0122132	419518
0.0122134	421383
0.0122137	420786
0.0122139	420921
0.0122142	420724
0.0122144	420157
0.0122146	423610
0.0122149	424113
0.0122151	426669
0.0122154	428657
0.0122156	427287
0.0122158	430737
0.0122161	435125
0.0122163	438625
0.0122166	438151
0.0122168	438694
0.012217	437616
0.0122173	437802
0.0122175	441037
0.0122178	437775
0.012218	441551
0.0122182	441185
0.0122185	440469
0.0122187	436414
0.012219	432521
0.0122192	435953
0.0122194	440442
0.0122197	443567
0.0122199	440840
0.0122202	441159
0.0122204	443108
0.0122206	441759
0.0122209	440839
0.0122211	436292
0.0122214	432136
0.0122216	430926
0.0122218	435062
0.0122221	437265
0.0122223	438608
0.0122226	438708
0.0122228	439210
0.012223	438875
0.0122233	440416
0.0122235	440798
0.0122238	439948
0.012224	438952
0.0122242	437614
0.0122245	436540
0.0122247	436519
0.012225	437082
0.0122252	436733
0.0122254	436436
0.0122257	435385
0.0122259	430710
0.0122262	427183
0.0122264	426655
0.0122266	432606
0.0122269	434789
0.0122271	432855
0.0122274	434193
0.0122276	436383
0.0122278	440696
0.0122281	438542
0.0122283	442248
0.0122286	439913
0.0122288	437374
0.012229	434251
0.0122293	433979
0.0122295	433847
0.0122298	433929
0.01223	433358
0.0122302	431185
0.0122305	434302
0.0122307	431347
0.012231	433053
0.0122312	434138
0.0122314	434270
0.0122317	431738
0.0122319	431411
0.0122322	432293
0.0122324	434478
0.0122326	433682
0.0122329	434992
0.0122331	431956
0.0122334	428625
0.0122336	429026
0.0122338	428865
0.0122341	425076
0.0122343	428274
0.0122346	425078
0.0122348	423905
0.012235	419342
0.0122353	412734
0.0122355	410870
0.0122358	409363
0.012236	413789
0.0122362	418163
0.0122365	418988
0.0122367	420534
0.012237	419272
0.0122372	420404
0.0122374	422333
0.0122377	424703
0.0122379	423910
0.0122382	423800
0.0122384	423044
0.0122386	421177
0.0122389	417905
0.0122391	419257
0.0122394	421123
0.0122396	419934
0.0122398	420386
0.0122401	419083
0.0122403	423720
0.0122406	423116
0.0122408	421418
0.012241	421463
0.0122413	422819
0.0122415	424433
0.0122418	422497
0.012242	423998
0.0122422	424647
0.0122425	428033
0.0122427	428542
0.012243	424407
0.0122432	417755
0.0122434	418552
0.0122437	418674
0.0122439	417505
0.0122442	418859
0.0122444	418834
0.0122446	419731
0.0122449	417878
0.0122451	417597
0.0122454	414920
0.0122456	415753
0.0122458	414658
0.0122461	414704
0.0122463	415164
0.0122466	417926
0.0122468	415781
0.012247	416661
0.0122473	418415
0.0122475	416433
0.0122478	412036
0.012248	411083
0.0122482	408574
0.0122485	409909
0.0122487	409798
0.012249	412164
0.0122492	407811
0.0122494	402521
0.0122497	404020
0.0122499	407825
0.0122502	402954
0.0122504	394308
0.0122506	388707
0.0122509	390059
0.0122511	396044
0.0122514	403700
0.0122516	406233
0.0122518	409300
0.0122521	411987
0.0122523	411155
0.0122526	408532
0.0122528	410775
0.012253	412498
0.0122533	412479
0.0122535	412959
0.0122538	409488
0.012254	408435
0.0122542	410196
0.0122545	407125
0.0122547	404422
0.012255	403762
0.0122552	403942
0.0122554	404195
0.0122557	404753
0.0122559	404885
0.0122562	408629
0.0122564	410601
0.0122566	409049
0.0122569	407451
0.0122571	406144
0.0122574	407626
0.0122576	408152
0.0122578	407720
0.0122581	406031
0.0122583	404608
0.0122586	402001
0.0122588	402562
0.012259	403781
0.0122593	403882
0.0122595	404435
0.0122598	407600
0.01226	403642
0.0122602	407299
0.0122605	404659
0.0122607	405442
0.012261	405306
0.0122612	404773
0.0122614	405194
0.0122617	403416
0.0122619	403841
0.0122622	402167
0.0122624	395625
0.0122626	394620
0.0122629	395940
0.0122631	400268
0.0122634	402676
0.0122636	401586
0.0122638	402148
0.0122641	403904
0.0122643	403443
0.0122646	403219
0.0122648	406483
0.012265	404810
0.0122653	403525
0.0122655	402123
0.0122658	401504
0.012266	401629
0.0122662	400594
0.0122665	400470
0.0122667	400664
0.012267	399890
0.0122672	399796
0.0122674	399007
0.0122677	396411
0.0122679	390751
0.0122682	386650
0.0122684	380855
0.0122686	381951
0.0122689	386904
0.0122691	392141
0.0122694	394050
0.0122696	393737
0.0122698	393972
0.0122701	392637
0.0122703	395459
0.0122706	397568
0.0122708	397431
0.012271	399074
0.0122713	400230
0.0122715	400553
0.0122718	395695
0.012272	396216
0.0122722	396888
0.0122725	397119
0.0122727	395866
0.012273	397590
0.0122732	395802
0.0122734	393242
0.0122737	394637
0.0122739	390930
0.0122742	386493
0.0122744	375169
0.0122746	361955
0.0122749	359573
0.0122751	361656
0.0122754	369984
0.0122756	376094
0.0122758	381071
0.0122761	384371
0.0122763	384543
0.0122766	385062
0.0122768	387811
0.012277	391471
0.0122773	390376
0.0122775	392471
0.0122778	392464
0.012278	390735
0.0122782	389900
0.0122785	391990
0.0122787	392685
0.012279	392370
0.0122792	391271
0.0122794	392647
0.0122797	388473
0.0122799	385671
0.0122802	384496
0.0122804	386331
0.0122806	383583
0.0122809	386355
0.0122811	390895
0.0122814	394136
0.0122816	394120
0.0122818	391246
0.0122821	388179
0.0122823	385863
0.0122826	386543
0.0122828	385203
0.012283	383776
0.0122833	379242
0.0122835	376743
0.0122838	374546
0.012284	375308
0.0122842	376236
0.0122845	380010
0.0122847	382780
0.012285	385926
0.0122852	385836
0.0122854	385478
0.0122857	386574
0.0122859	384739
0.0122862	383578
0.0122864	382792
0.0122866	384581
0.0122869	384923
0.0122871	385400
0.0122874	386042
0.0122876	387060
0.0122878	387550
0.0122881	387023
0.0122883	388370
0.0122886	385182
0.0122888	384445
0.012289	386485
0.0122893	383934
0.0122895	385043
0.0122898	383780
0.01229	383637
0.0122902	381705
0.0122905	383248
0.0122907	384024
0.012291	384335
0.0122912	384688
0.0122914	382663
0.0122917	382394
0.0122919	381883
0.0122922	382701
0.0122924	381446
0.0122926	378644
0.0122929	372714
0.0122931	369579
0.0122934	370432
0.0122936	371069
0.0122938	376221
0.0122941	375376
0.0122943	377774
0.0122946	378198
0.0122948	379654
0.012295	379484
0.0122953	374338
0.0122955	371712
0.0122958	367700
0.012296	365770
0.0122962	364552
0.0122965	368240
0.0122967	370977
0.012297	373475
0.0122972	373632
0.0122974	373133
0.0122977	375926
0.0122979	376633
0.0122982	378456
0.0122984	375680
0.0122986	378066
0.0122989	379681
0.0122991	381622
0.0122994	380182
0.0122996	379617
0.0122998	380234
0.0123001	379805
0.0123003	380500
0.0123006	379495
0.0123008	380328
0.012301	379409
0.0123013	377658
0.0123015	379781
0.0123018	377693
0.012302	378203
0.0123022	379175
0.0123025	379691
0.0123027	377911
0.012303	379081
0.0123032	379143
0.0123034	379109
0.0123037	378538
0.0123039	375780
0.0123042	375497
0.0123044	375691
0.0123046	376760
0.0123049	375834
0.0123051	373516
0.0123054	375237
0.0123056	373950
0.0123058	372971
0.0123061	376206
0.0123063	378634
0.0123066	380669
0.0123068	382688
0.012307	383182
0.0123073	385400
0.0123075	381114
0.0123078	381076
0.012308	382144
0.0123082	379143
0.0123085	379778
0.0123087	378985
0.012309	377984
0.0123092	374327
0.0123094	377178
0.0123097	375748
0.0123099	372945
0.0123102	373063
0.0123104	374632
0.0123106	374412
0.0123109	374680
0.0123111	371562
0.0123114	373834
0.0123116	373210
0.0123118	373473
0.0123121	373871
0.0123123	373714
0.0123126	373928
0.0123128	372897
0.012313	374841
0.0123133	372095
0.0123135	371742
0.0123138	371621
0.012314	374880
0.0123142	372279
0.0123145	372751
0.0123147	373834
0.012315	370857
0.0123152	368067
0.0123154	364513
0.0123157	364330
0.0123159	365556
0.0123162	367046
0.0123164	365367
0.0123166	367538
0.0123169	367177
0.0123171	368910
0.0123174	367445
0.0123176	368606
0.0123178	368083
0.0123181	368235
0.0123183	367342
0.0123186	370156
0.0123188	367324
0.012319	368840
0.0123193	368914
0.0123195	369469
0.0123198	367693
0.01232	367003
0.0123202	366738
0.0123205	366025
0.0123207	366632
0.012321	364797
0.0123212	364443
0.0123214	364855
0.0123217	363429
0.0123219	361501
0.0123222	359928
0.0123224	355600
0.0123226	347596
0.0123229	341599
0.0123231	336421
0.0123234	334565
0.0123236	339037
0.0123238	341581
0.0123241	346520
0.0123243	352215
0.0123246	357043
0.0123248	360345
0.012325	359248
0.0123253	359491
0.0123255	359001
0.0123258	357254
0.012326	354134
0.0123262	352778
0.0123265	350739
0.0123267	347419
0.012327	347561
0.0123272	350584
0.0123274	354262
0.0123277	357253
0.0123279	358188
0.0123282	358129
0.0123284	358935
0.0123286	359462
0.0123289	361699
0.0123291	361325
0.0123294	363747
0.0123296	360967
0.0123298	363395
0.0123301	362633
0.0123303	362472
0.0123306	362919
0.0123308	361340
0.012331	363775
0.0123313	362612
0.0123315	361301
0.0123318	362242
0.012332	363500
0.0123322	362322
0.0123325	360346
0.0123327	359508
0.012333	360502
0.0123332	358023
0.0123334	359465
0.0123337	358335
0.0123339	358136
0.0123342	355744
0.0123344	353221
0.0123346	354547
0.0123349	353555
0.0123351	354609
0.0123354	352549
0.0123356	351496
0.0123358	352689
0.0123361	348782
0.0123363	347742
0.0123366	344915
0.0123368	348150
0.012337	347356
0.0123373	348736
0.0123375	352462
0.0123378	353754
0.012338	355712
0.0123382	355067
0.0123385	354745
0.0123387	357083
0.012339	356968
0.0123392	355656
0.0123394	356638
0.0123397	357693
0.0123399	355686
0.0123402	356238
0.0123404	356224
0.0123406	356202
0.0123409	357213
0.0123411	358190
0.0123414	358220
0.0123416	357708
0.0123418	357443
0.0123421	355212
0.0123423	357671
0.0123426	355680
0.0123428	354836
0.012343	356680
0.0123433	356623
0.0123435	355675
0.0123438	356051
0.012344	354437
0.0123442	356291
0.0123445	356500
0.0123447	355633
0.012345	354257
0.0123452	353365
0.0123454	355503
0.0123457	354507
0.0123459	351750
0.0123462	354652
0.0123464	353515
0.0123466	351961
0.0123469	353698
0.0123471	354663
0.0123474	354488
0.0123476	353733
0.0123478	354841
0.0123481	354762
0.0123483	354606
0.0123486	352495
0.0123488	354751
0.012349	353607
0.0123493	353890
0.0123495	353636
0.0123498	354781
0.01235	353122
0.0123502	351883
0.0123505	351446
0.0123507	352231
0.012351	351642
0.0123512	349934
0.0123514	351393
0.0123517	351120
0.0123519	349497
0.0123522	347784
0.0123524	349897
0.0123526	350379
0.0123529	349855
0.0123531	349404
0.0123534	349820
0.0123536	348653
0.0123538	351073
0.0123541	349311
0.0123543	349667
0.0123546	349915
0.0123548	348501
0.012355	350312
0.0123553	350471
0.0123555	349777
0.0123558	349820
0.012356	350997
0.0123562	349197
0.0123565	350045
0.0123567	348579
0.012357	350326
0.0123572	350801
0.0123574	354987
0.0123577	353961
0.0123579	353374
0.0123582	352515
0.0123584	353719
0.0123586	351612
0.0123589	349847
0.0123591	347544
0.0123594	344085
0.0123596	339403
0.0123598	338640
0.0123601	337394
0.0123603	336382
0.0123606	338377
0.0123608	337815
0.012361	338236
0.0123613	336357
0.0123615	338205
0.0123618	337955
0.012362	338629
0.0123622	336972
0.0123625	334497
0.0123627	330267
0.012363	321006
0.0123632	312977
0.0123634	299171
0.0123637	283544
0.0123639	266556
0.0123642	254841
0.0123644	247588
0.0123646	244783
0.0123649	248653
0.0123651	258044
0.0123654	269063
0.0123656	277022
0.0123658	284902
0.0123661	291981
0.0123663	299753
0.0123666	303649
0.0123668	309273
0.012367	311258
0.0123673	315241
0.0123675	318794
0.0123678	322219
0.012368	325739
0.0123682	329512
0.0123685	332590
0.0123687	334804
0.012369	336857
0.0123692	336874
0.0123694	339858
0.0123697	338257
0.0123699	336775
0.0123702	338060
0.0123704	334680
0.0123706	334926
0.0123709	335455
0.0123711	334656
0.0123714	336079
0.0123716	335055
0.0123718	336047
0.0123721	336768
0.0123723	335443
0.0123726	334377
0.0123728	336126
0.012373	333970
0.0123733	335323
0.0123735	335964
0.0123738	334650
0.012374	332150
0.0123742	332692
0.0123745	331907
0.0123747	331490
0.012375	331799
0.0123752	332447
0.0123754	330817
0.0123757	328113
0.0123759	328618
0.0123762	328569
0.0123764	327786
0.0123766	324390
0.0123769	324990
0.0123771	323616
0.0123774	323089
0.0123776	322449
0.0123778	319992
0.0123781	318395
0.0123783	318450
0.0123786	316509
0.0123788	316481
0.012379	316434
0.0123793	314335
0.0123795	314475
0.0123798	313169
0.01238	312319
0.0123802	313970
0.0123805	314043
0.0123807	314296
0.012381	313021
0.0123812	313595
0.0123814	312191
0.0123817	311319
0.0123819	312742
0.0123822	310705
0.0123824	311765
0.0123826	312215
0.0123829	313723
0.0123831	311772
0.0123834	310555
0.0123836	313050
0.0123838	317159
0.0123841	313967
0.0123843	316699
0.0123846	314971
0.0123848	316952
0.012385	318310
0.0123853	319181
0.0123855	320608
0.0123858	321294
0.012386	320358
0.0123862	322843
0.0123865	322537
0.0123867	324730
0.012387	324018
0.0123872	322916
0.0123874	328750
0.0123877	327965
0.0123879	326573
0.0123882	327499
0.0123884	329667
0.0123886	328671
0.0123889	326671
0.0123891	329178
0.0123894	328149
0.0123896	329756
0.0123898	328925
0.0123901	329823
0.0123903	328567
0.0123906	328115
0.0123908	329854
0.012391	331247
0.0123913	331238
0.0123915	330503
0.0123918	332484
0.012392	335524
0.0123922	331838
0.0123925	332155
0.0123927	331276
0.012393	331143
0.0123932	331065
0.0123934	330852
0.0123937	331529
0.0123939	332110
0.0123942	332108
0.0123944	331665
0.0123946	331759
0.0123949	333514
0.0123951	331454
0.0123954	331985
0.0123956	332544
0.0123958	332734
0.0123961	334267
0.0123963	333359
0.0123966	333391
0.0123968	331378
0.012397	331557
0.0123973	328079
0.0123975	327340
0.0123978	322866
0.012398	323485
0.0123982	320731
0.0123985	319491
0.0123987	315839
0.012399	314144
0.0123992	310358
0.0123994	305877
0.0123997	301551
0.0123999	298212
0.0124002	296831
0.0124004	293745
0.0124006	293825
0.0124009	293824
0.0124011	296126
0.0124014	297928
0.0124016	300987
0.0124018	303236
0.0124021	305400
0.0124023	310413
0.0124026	314446
0.0124028	316730
0.012403	318660
0.0124033	321059
0.0124035	320713
0.0124038	321738
0.012404	321629
0.0124042	322840
0.0124045	323892
0.0124047	325558
0.012405	325181
0.0124052	324877
0.0124054	325186
0.0124057	324699
0.0124059	324543
0.0124062	324372
0.0124064	324863
0.0124066	324374
0.0124069	323935
0.0124071	321037
0.0124074	322422
0.0124076	319052
0.0124078	315946
0.0124081	310890
0.0124083	304586
0.0124086	301198
0.0124088	293368
0.012409	289182
0.0124093	283436
0.0124095	279948
0.0124098	278515
0.01241	278508
0.0124102	281813
0.0124105	283197
0.0124107	288893
0.012411	293774
0.0124112	298584
0.0124114	304840
0.0124117	308402
0.0124119	310857
0.0124122	313050
0.0124124	316433
0.0124126	318130
0.0124129	320280
0.0124131	322362
0.0124134	323868
0.0124136	322878
0.0124138	324299
0.0124141	324130
0.0124143	323369
0.0124146	324585
0.0124148	326113
0.012415	325549
0.0124153	323898
0.0124155	325594
0.0124158	326643
0.012416	326121
0.0124162	322938
0.0124165	324928
0.0124167	326669
0.012417	325551
0.0124172	324134
0.0124174	325222
0.0124177	325709
0.0124179	327608
0.0124182	324134
0.0124184	326895
0.0124186	327362
0.0124189	325666
0.0124191	325633
0.0124194	326199
0.0124196	324704
0.0124198	324519
0.0124201	325009
0.0124203	324936
0.0124206	326046
0.0124208	323828
0.012421	324937
0.0124213	326212
0.0124215	325415
0.0124218	326369
0.012422	326155
0.0124222	323626
0.0124225	324714
0.0124227	325864
0.012423	326179
0.0124232	323932
0.0124234	323940
0.0124237	323276
0.0124239	323781
0.0124242	324303
0.0124244	323022
0.0124246	323838
0.0124249	324810
0.0124251	324200
0.0124254	324673
0.0124256	324725
0.0124258	324317
0.0124261	322827
0.0124263	325016
0.0124266	324275
0.0124268	322872
0.012427	325279
0.0124273	323663
0.0124275	324067
0.0124278	324756
0.012428	326242
0.0124282	323675
0.0124285	323866
0.0124287	324332
0.012429	322954
0.0124292	324158
0.0124294	322581
0.0124297	323741
0.0124299	323766
0.0124302	325012
0.0124304	323201
0.0124306	324388
0.0124309	323767
0.0124311	323183
0.0124314	322119
0.0124316	324672
0.0124318	324337
0.0124321	323510
0.0124323	323016
0.0124326	323680
0.0124328	323676
0.012433	323692
0.0124333	323004
0.0124335	323163
0.0124338	324266
0.012434	323301
0.0124342	321465
0.0124345	322143
0.0124347	322245
0.012435	322938
0.0124352	321574
0.0124354	321686
0.0124357	321604
0.0124359	323418
0.0124362	322384
0.0124364	322856
0.0124366	321297
0.0124369	322627
0.0124371	322295
0.0124374	322844
0.0124376	321327
0.0124378	323564
0.0124381	321302
0.0124383	322922
0.0124386	321687
0.0124388	321086
0.012439	322971
0.0124393	321794
0.0124395	321231
0.0124398	322650
0.01244	321539
0.0124402	320658
0.0124405	321590
0.0124407	321147
0.012441	323145
0.0124412	320693
0.0124414	321873
0.0124417	321068
0.0124419	320120
0.0124422	321828
0.0124424	321756
0.0124426	322281
0.0124429	318949
0.0124431	318932
0.0124434	322389
0.0124436	320536
0.0124438	320619
0.0124441	320307
0.0124443	318435
0.0124446	319606
0.0124448	320037
0.012445	321658
0.0124453	319781
0.0124455	318683
0.0124458	320840
0.012446	320329
0.0124462	320818
0.0124465	318677
0.0124467	319154
0.012447	319410
0.0124472	319542
0.0124474	319044
0.0124477	318709
0.0124479	319711
0.0124482	318415
0.0124484	318877
0.0124486	316537
0.0124489	319999
0.0124491	319423
0.0124494	317661
0.0124496	318238
0.0124498	317027
0.0124501	317178
0.0124503	316155
0.0124506	318071
0.0124508	317972
0.012451	317732
0.0124513	317110
0.0124515	318298
0.0124518	317233
0.012452	317720
0.0124522	316764
0.0124525	315835
0.0124527	319154
0.012453	316506
0.0124532	318004
0.0124534	319302
0.0124537	317540
0.0124539	318880
0.0124542	316362
0.0124544	317896
0.0124546	317358
0.0124549	317247
0.0124551	316118
0.0124554	316963
0.0124556	317497
0.0124558	315366
0.0124561	316560
0.0124563	316033
0.0124566	316465
0.0124568	316798
0.012457	315608
0.0124573	317047
0.0124575	316136
0.0124578	315568
0.012458	316541
0.0124582	315638
0.0124585	316939
0.0124587	315597
0.012459	315141
0.0124592	316389
0.0124594	317926
0.0124597	316071
0.0124599	315609
0.0124602	314525
0.0124604	315541
0.0124606	316366
0.0124609	316404
0.0124611	316461
0.0124614	315797
0.0124616	315557
0.0124618	316198
0.0124621	316401
0.0124623	313571
0.0124626	316561
0.0124628	313588
0.012463	315751
0.0124633	315233
0.0124635	314382
0.0124638	315084
0.012464	314031
0.0124642	313702
0.0124645	313717
0.0124647	315317
0.012465	313152
0.0124652	313246
0.0124654	313572
0.0124657	315261
0.0124659	315226
0.0124662	315711
0.0124664	314698
0.0124666	313428
0.0124669	314561
0.0124671	314386
0.0124674	316992
0.0124676	315014
0.0124678	314404
0.0124681	314497
0.0124683	314391
0.0124686	315243
0.0124688	316017
0.012469	314884
0.0124693	313935
0.0124695	314154
0.0124698	313512
0.01247	312861
0.0124702	312985
0.0124705	314236
0.0124707	314108
0.012471	313410
0.0124712	313352
0.0124714	314486
0.0124717	311581
0.0124719	311439
0.0124722	312541
0.0124724	312953
0.0124726	312257
0.0124729	312832
0.0124731	311920
0.0124734	311488
0.0124736	312540
0.0124738	312238
0.0124741	312432
0.0124743	313407
0.0124746	312800
0.0124748	312491
0.012475	311004
0.0124753	312178
0.0124755	312232
0.0124758	311479
0.012476	312679
0.0124762	311910
0.0124765	312662
0.0124767	312751
0.012477	313343
0.0124772	311662
0.0124774	312489
0.0124777	312214
0.0124779	309548
0.0124782	311527
0.0124784	312128
0.0124786	312710
0.0124789	311870
0.0124791	312921
0.0124794	312941
0.0124796	310674
0.0124798	312008
0.0124801	312015
0.0124803	312908
0.0124806	309773
0.0124808	310821
0.012481	310747
0.0124813	311123
0.0124815	309845
0.0124818	309524
0.012482	310669
0.0124822	309229
0.0124825	312269
0.0124827	311198
0.012483	310525
0.0124832	310954
0.0124834	310262
0.0124837	309635
0.0124839	309670
0.0124842	309810
0.0124844	309540
0.0124846	312044
0.0124849	310834
0.0124851	309655
0.0124854	309267
0.0124856	310666
0.0124858	310463
0.0124861	309467
0.0124863	311628
0.0124866	310117
0.0124868	311474
0.012487	310302
0.0124873	311365
0.0124875	309574
0.0124878	309199
0.012488	309434
0.0124882	309683
0.0124885	309143
0.0124887	309552
0.012489	308839
0.0124892	307866
0.0124894	308945
0.0124897	308963
0.0124899	309905
0.0124902	308671
0.0124904	309901
0.0124906	308379
0.0124909	308981
0.0124911	308110
0.0124914	308436
0.0124916	307270
0.0124918	309107
0.0124921	307498
0.0124923	309603
0.0124926	308686
0.0124928	308025
0.012493	307213
0.0124933	308673
0.0124935	307589
0.0124938	305567
0.012494	307555
0.0124942	306597
0.0124945	306900
0.0124947	307039
0.012495	307251
0.0124952	307178
0.0124954	307464
0.0124957	307132
0.0124959	307774
0.0124962	305788
0.0124964	304711
0.0124966	304971
0.0124969	302946
0.0124971	304080
0.0124974	303168
0.0124976	302097
0.0124978	302809
0.0124981	301402
0.0124983	300638
0.0124986	300486
0.0124988	298041
0.012499	300159
0.0124993	297197
0.0124995	296741
0.0124998	295656
0.0125	295111
0.0125002	294544
0.0125005	293325
0.0125007	293041
0.012501	295736
0.0125012	293446
0.0125014	293412
0.0125017	293499
0.0125019	293227
0.0125022	290995
0.0125024	292393
0.0125026	292983
0.0125029	293848
0.0125031	293421
0.0125034	289821
0.0125036	291054
0.0125038	294040
0.0125041	294377
0.0125043	293275
0.0125046	293910
0.0125048	294495
0.012505	295737
0.0125053	298964
0.0125055	296040
0.0125058	296869
0.012506	296550
0.0125062	298417
0.0125065	300211
0.0125067	300694
0.012507	301240
0.0125072	300816
0.0125074	302271
0.0125077	301481
0.0125079	303391
0.0125082	300467
0.0125084	301981
0.0125086	302683
0.0125089	302036
0.0125091	302326
0.0125094	302249
0.0125096	301547
0.0125098	301568
0.0125101	302786
0.0125103	304439
0.0125106	302361
0.0125108	302992
0.012511	302343
0.0125113	301929
0.0125115	300938
0.0125118	301865
0.012512	302418
0.0125122	302266
0.0125125	302936
0.0125127	302107
0.012513	302251
0.0125132	302161
0.0125134	302347
0.0125137	300322
0.0125139	303025
0.0125142	301757
0.0125144	300803
0.0125146	299973
0.0125149	302796
0.0125151	300772
0.0125154	299179
0.0125156	300549
0.0125158	299922
0.0125161	300694
0.0125163	299104
0.0125166	299929
0.0125168	299351
0.012517	299998
0.0125173	298862
0.0125175	299456
0.0125178	299188
0.012518	298773
0.0125182	297642
0.0125185	298233
0.0125187	298193
0.012519	298169
0.0125192	297864
0.0125194	297329
0.0125197	294990
0.0125199	296787
0.0125202	297080
0.0125204	294582
0.0125206	294332
0.0125209	295963
0.0125211	293769
0.0125214	294852
0.0125216	293258
0.0125218	292553
0.0125221	290164
0.0125223	292337
0.0125226	291112
0.0125228	291392
0.012523	289929
0.0125233	287177
0.0125235	287843
0.0125238	287414
0.012524	285090
0.0125242	283137
0.0125245	282675
0.0125247	280196
0.012525	279326
0.0125252	277050
0.0125254	274498
0.0125257	272300
0.0125259	269713
0.0125262	267232
0.0125264	266546
0.0125266	263367
0.0125269	259765
0.0125271	258668
0.0125274	257876
0.0125276	255147
0.0125278	254232
0.0125281	251417
0.0125283	250626
0.0125286	248274
0.0125288	248865
0.012529	247214
0.0125293	246762
0.0125295	247749
0.0125298	245940
0.01253	246118
0.0125302	245881
0.0125305	244550
0.0125307	243940
0.012531	242981
0.0125312	243154
0.0125314	242325
0.0125317	243533
0.0125319	243010
0.0125322	244222
0.0125324	243635
0.0125326	245427
0.0125329	246551
0.0125331	247231
0.0125334	249464
0.0125336	252367
0.0125338	254562
0.0125341	254621
0.0125343	258071
0.0125346	259389
0.0125348	261939
0.012535	263381
0.0125353	265351
0.0125355	266403
0.0125358	268020
0.012536	271501
0.0125362	271844
0.0125365	274142
0.0125367	277321
0.012537	276397
0.0125372	277360
0.0125374	279709
0.0125377	279739
0.0125379	282475
0.0125382	281845
0.0125384	283786
0.0125386	284844
0.0125389	284869
0.0125391	286189
0.0125394	287005
0.0125396	287014
0.0125398	289410
0.0125401	287319
0.0125403	287485
0.0125406	287488
0.0125408	289555
0.012541	290410
0.0125413	288772
0.0125415	289039
0.0125418	289939
0.012542	290202
0.0125422	290473
0.0125425	290658
0.0125427	290645
0.012543	292446
0.0125432	291310
0.0125434	293451
0.0125437	293088
0.0125439	292077
0.0125442	294114
0.0125444	291628
0.0125446	292596
0.0125449	291649
0.0125451	291715
0.0125454	294408
0.0125456	291547
0.0125458	293349
0.0125461	294147
0.0125463	293568
0.0125466	292585
0.0125468	292027
0.012547	293439
0.0125473	294169
0.0125475	293332
0.0125478	293206
0.012548	294642
0.0125482	293016
0.0125485	293619
0.0125487	293288
0.012549	293823
0.0125492	293711
0.0125494	294188
0.0125497	293844
0.0125499	293487
0.0125502	293439
0.0125504	293653
0.0125506	293276
0.0125509	293189
0.0125511	295237
0.0125514	293936
0.0125516	293122
0.0125518	293628
0.0125521	292714
0.0125523	293821
0.0125526	293150
0.0125528	293604
0.012553	293317
0.0125533	292962
0.0125535	293341
0.0125538	294066
0.012554	292552
0.0125542	294344
0.0125545	293204
0.0125547	294053
0.012555	292336
0.0125552	292121
0.0125554	293207
0.0125557	293671
0.0125559	290467
0.0125562	292476
0.0125564	293125
0.0125566	292919
0.0125569	291847
0.0125571	292631
0.0125574	291681
0.0125576	291215
0.0125578	292886
0.0125581	292074
0.0125583	292119
0.0125586	292427
0.0125588	292116
0.012559	291179
0.0125593	291431
0.0125595	291051
0.0125598	290257
0.01256	289996
0.0125602	290114
0.0125605	290170
0.0125607	290303
0.012561	290266
0.0125612	288092
0.0125614	291060
0.0125617	289539
0.0125619	289173
0.0125622	287999
0.0125624	286629
0.0125626	285784
0.0125629	286800
0.0125631	286189
0.0125634	285139
0.0125636	282644
0.0125638	282290
0.0125641	283914
0.0125643	280590
0.0125646	280577
0.0125648	280136
0.012565	278693
0.0125653	277861
0.0125655	276362
0.0125658	275283
0.012566	274701
0.0125662	273008
0.0125665	272367
0.0125667	271867
0.012567	271840
0.0125672	272614
0.0125674	271073
0.0125677	273534
0.0125679	272067
0.0125682	272642
0.0125684	270263
0.0125686	272553
0.0125689	272170
0.0125691	272926
0.0125694	274711
0.0125696	277027
0.0125698	277102
0.0125701	275804
0.0125703	277685
0.0125706	277866
0.0125708	279402
0.012571	279271
0.0125713	279522
0.0125715	279736
0.0125718	281606
0.012572	280784
0.0125722	278781
0.0125725	279382
0.0125727	279704
0.012573	280082
0.0125732	279292
0.0125734	279012
0.0125737	277230
0.0125739	276209
0.0125742	275205
0.0125744	276508
0.0125746	274393
0.0125749	273960
0.0125751	269790
0.0125754	268906
0.0125756	268448
0.0125758	266096
0.0125761	264426
0.0125763	260282
0.0125766	257657
0.0125768	255888
0.012577	251486
0.0125773	249289
0.0125775	246883
0.0125778	242827
0.012578	239975
0.0125782	238064
0.0125785	236988
0.0125787	234791
0.012579	232526
0.0125792	231167
0.0125794	230699
0.0125797	226271
0.0125799	229574
0.0125802	226221
0.0125804	227320
0.0125806	228139
0.0125809	228696
0.0125811	229890
0.0125814	231663
0.0125816	233969
0.0125818	234760
0.0125821	237694
0.0125823	240476
0.0125826	241582
0.0125828	243547
0.012583	246748
0.0125833	248556
0.0125835	250961
0.0125838	254383
0.012584	254671
0.0125842	257138
0.0125845	261160
0.0125847	262115
0.012585	262492
0.0125852	263124
0.0125854	266570
0.0125857	268134
0.0125859	268202
0.0125862	269585
0.0125864	271412
0.0125866	271347
0.0125869	271684
0.0125871	273348
0.0125874	274048
0.0125876	274203
0.0125878	275977
0.0125881	275477
0.0125883	277797
0.0125886	275766
0.0125888	276505
0.012589	277122
0.0125893	277053
0.0125895	276742
0.0125898	275231
0.01259	277391
0.0125902	278701
0.0125905	278028
0.0125907	278557
0.012591	277892
0.0125912	277135
0.0125914	276379
0.0125917	277567
0.0125919	278097
0.0125922	280894
0.0125924	278640
0.0125926	279788
0.0125929	279992
0.0125931	282686
0.0125934	279855
0.0125936	279074
0.0125938	280465
0.0125941	280540
0.0125943	280238
0.0125946	281470
0.0125948	280937
0.012595	280386
0.0125953	281291
0.0125955	283625
0.0125958	281481
0.012596	280839
0.0125962	279133
0.0125965	279147
0.0125967	278304
0.012597	278370
0.0125972	274631
0.0125974	275627
0.0125977	276076
0.0125979	273911
0.0125982	273528
0.0125984	272684
0.0125986	271590
0.0125989	271364
0.0125991	268867
0.0125994	268977
0.0125996	268374
0.0125998	266466
0.0126001	266562
0.0126003	265855
0.0126006	264016
0.0126008	263216
0.012601	263672
0.0126013	260623
0.0126015	261673
0.0126018	260982
0.012602	260066
0.0126022	261788
0.0126025	259600
0.0126027	259840
0.012603	259349
0.0126032	260600
0.0126034	259774
0.0126037	259673
0.0126039	259237
0.0126042	259998
0.0126044	260076
0.0126046	257571
0.0126049	260324
0.0126051	258046
0.0126054	257145
0.0126056	256632
0.0126058	257356
0.0126061	256269
0.0126063	255952
0.0126066	256597
0.0126068	256874
0.012607	254600
0.0126073	253660
0.0126075	254091
0.0126078	253695
0.012608	252865
0.0126082	250451
0.0126085	249891
0.0126087	250752
0.012609	249358
0.0126092	245689
0.0126094	245441
0.0126097	245693
0.0126099	243821
0.0126102	243041
0.0126104	241906
0.0126106	240980
0.0126109	240445
0.0126111	238318
0.0126114	236030
0.0126116	235660
0.0126118	235105
0.0126121	233657
0.0126123	231821
0.0126126	230284
0.0126128	226587
0.012613	224928
0.0126133	224474
0.0126135	222669
0.0126138	220977
0.012614	219022
0.0126142	216777
0.0126145	215430
0.0126147	212862
0.012615	211370
0.0126152	208464
0.0126154	207067
0.0126157	204601
0.0126159	204280
0.0126162	202216
0.0126164	198614
0.0126166	197384
0.0126169	196891
0.0126171	195083
0.0126174	192023
0.0126176	190490
0.0126178	188494
0.0126181	187668
0.0126183	184596
0.0126186	182737
0.0126188	181176
0.012619	179069
0.0126193	177387
0.0126195	177108
0.0126198	175398
0.01262	174861
0.0126202	173244
0.0126205	171444
0.0126207	169881
0.012621	168157
0.0126212	167367
0.0126214	166860
0.0126217	164026
0.0126219	163187
0.0126222	163414
0.0126224	163178
0.0126226	161104
0.0126229	160136
0.0126231	160391
0.0126234	159747
0.0126236	158241
0.0126238	158594
0.0126241	157897
0.0126243	157404
0.0126246	157035
0.0126248	157300
0.012625	158190
0.0126253	157171
0.0126255	157143
0.0126258	157893
0.012626	158247
0.0126262	159146
0.0126265	159313
0.0126267	160601
0.012627	160158
0.0126272	159536
0.0126274	161238
0.0126277	161251
0.0126279	162240
0.0126282	162576
0.0126284	164480
0.0126286	165219
0.0126289	165471
0.0126291	166037
0.0126294	166547
0.0126296	167237
0.0126298	168513
0.0126301	168142
0.0126303	170308
0.0126306	171360
0.0126308	172218
0.012631	173307
0.0126313	172525
0.0126315	173852
0.0126318	174191
0.012632	175333
0.0126322	176552
0.0126325	176803
0.0126327	178921
0.012633	179264
0.0126332	179390
0.0126334	179942
0.0126337	180353
0.0126339	181090
0.0126342	182100
0.0126344	183079
0.0126346	182803
0.0126349	183179
0.0126351	184153
0.0126354	186146
0.0126356	185423
0.0126358	185807
0.0126361	188545
0.0126363	187617
0.0126366	188875
0.0126368	189531
0.012637	191110
0.0126373	189322
0.0126375	191139
0.0126378	191580
0.012638	192812
0.0126382	194323
0.0126385	193105
0.0126387	194934
0.012639	198116
0.0126392	196836
0.0126394	198699
0.0126397	197865
0.0126399	198780
0.0126402	200427
0.0126404	202276
0.0126406	204651
0.0126409	205500
0.0126411	205482
0.0126414	207367
0.0126416	207502
0.0126418	209133
0.0126421	211549
0.0126423	211843
0.0126426	213643
0.0126428	214964
0.012643	216128
0.0126433	218727
0.0126435	219993
0.0126438	221638
0.012644	223480
0.0126442	225908
0.0126445	225048
0.0126447	227174
0.012645	227759
0.0126452	229922
0.0126454	233174
0.0126457	233815
0.0126459	234558
0.0126462	236804
0.0126464	237939
0.0126466	238390
0.0126469	240992
0.0126471	240540
0.0126474	242567
0.0126476	242869
0.0126478	245500
0.0126481	246186
0.0126483	246525
0.0126486	246863
0.0126488	248365
0.012649	248962
0.0126493	249087
0.0126495	249222
0.0126498	251895
0.01265	253039
0.0126502	252988
0.0126505	253033
0.0126507	254042
0.012651	255093
0.0126512	256815
0.0126514	257571
0.0126517	256767
0.0126519	256217
0.0126522	257206
0.0126524	258264
0.0126526	260601
0.0126529	260036
0.0126531	259252
0.0126534	261900
0.0126536	262141
0.0126538	262616
0.0126541	260823
0.0126543	261120
0.0126546	262505
0.0126548	263766
0.012655	263985
0.0126553	264506
0.0126555	266147
0.0126558	265194
0.012656	265097
0.0126562	266072
0.0126565	266441
0.0126567	266703
0.012657	265854
0.0126572	267729
0.0126574	267866
0.0126577	267538
0.0126579	265622
0.0126582	266437
0.0126584	268013
0.0126586	267604
0.0126589	269916
0.0126591	270357
0.0126594	269411
0.0126596	269832
0.0126598	269482
0.0126601	269000
0.0126603	269960
0.0126606	269816
0.0126608	270648
0.012661	270152
0.0126613	270598
0.0126615	272643
0.0126618	269526
0.012662	270623
0.0126622	271299
0.0126625	270219
0.0126627	272457
0.012663	273105
0.0126632	272047
0.0126634	272338
0.0126637	273489
0.0126639	272493
0.0126642	272835
0.0126644	273104
0.0126646	273084
0.0126649	273964
0.0126651	273852
0.0126654	272042
0.0126656	272397
0.0126658	272984
0.0126661	273025
0.0126663	272828
0.0126666	274180
0.0126668	275107
0.012667	271966
0.0126673	272582
0.0126675	273740
0.0126678	273406
0.012668	271944
0.0126682	273956
0.0126685	273699
0.0126687	274147
0.012669	273556
0.0126692	273587
0.0126694	275333
0.0126697	274220
0.0126699	274516
0.0126702	273714
0.0126704	275960
0.0126706	275125
0.0126709	275129
0.0126711	274500
0.0126714	274478
0.0126716	274091
0.0126718	275034
0.0126721	273272
0.0126723	275125
0.0126726	274419
0.0126728	275864
0.012673	275709
0.0126733	275366
0.0126735	274945
0.0126738	274202
0.012674	274702
0.0126742	273229
0.0126745	274866
0.0126747	275637
0.012675	275585
0.0126752	274124
0.0126754	274358
0.0126757	273866
0.0126759	272492
0.0126762	272824
0.0126764	274802
0.0126766	274510
0.0126769	276592
0.0126771	273333
0.0126774	272745
0.0126776	271987
0.0126778	273665
0.0126781	272391
0.0126783	271831
0.0126786	271881
0.0126788	271732
0.012679	271907
0.0126793	271342
0.0126795	272214
0.0126798	270099
0.01268	269422
0.0126802	267522
0.0126805	269004
0.0126807	268245
0.012681	268600
0.0126812	268661
0.0126814	266755
0.0126817	266721
0.0126819	266671
0.0126822	265601
0.0126824	265077
0.0126826	265298
0.0126829	263046
0.0126831	263333
0.0126834	261385
0.0126836	263719
0.0126838	262756
0.0126841	262791
0.0126843	260735
0.0126846	260381
0.0126848	260316
0.012685	260740
0.0126853	261043
0.0126855	262124
0.0126858	260956
0.012686	260767
0.0126862	260300
0.0126865	261428
0.0126867	261257
0.012687	261856
0.0126872	261414
0.0126874	262660
0.0126877	262708
0.0126879	263774
0.0126882	264499
0.0126884	264661
0.0126886	264751
0.0126889	266518
0.0126891	265997
0.0126894	265812
0.0126896	268378
0.0126898	269079
0.0126901	268584
0.0126903	268889
0.0126906	268366
0.0126908	269323
0.012691	271152
0.0126913	270274
0.0126915	271153
0.0126918	272858
0.012692	273132
0.0126922	273483
0.0126925	272195
0.0126927	274874
0.012693	273920
0.0126932	274117
0.0126934	275256
0.0126937	275431
0.0126939	275389
0.0126942	276944
0.0126944	275714
0.0131006	49960573
0.0131518	53310540
0.013203	54599526
0.0132542	50999646
0.0133054	54541239
0.0133566	55415760
0.0134078	55474816
0.013459	55025469
0.0135102	54269163
0.0135614	53410415
0.0136126	52544856
0.0136638	51732151
0.013715	51011391
0.0137662	50240858
0.0138174	49476737
0.0138686	48668106
0.0139198	47723242
0.013971	46706164
0.0140222	45660172
0.0140734	44666817
0.0141246	43724843
0.0141758	42849284
0.014227	42055986
0.0142782	41362797
0.0143294	40743551
0.0143806	40184514
0.0144318	39739662
0.014483	39410551
0.0145342	39103203
0.0145854	38901624
0.0146366	38878692
0.0146878	38944541
0.014739	39087709
0.0147902	39378119
0.0148414	39687422
0.0148926	40060440
0.0149438	40449251
0.014995	40758233
0.0150462	41062479
0.0150974	41368029
0.0151486	41683369
0.0151998	42003995
0.015251	42232752
0.0153022	42445805
0.0153534	42629835
0.0154046	42766540
0.0154558	43030758
0.015507	43359241
0.0155582	43655574
0.0156094	44175741
0.0156606	45913655
0.0157118	46892639
0.015763	47715454
