9.6e-007	28212958
5.216e-005	27554138
0.00010336	27389783
0.00015456	27196443
0.00020576	26889054
0.00025696	26709344
0.00030816	26466768
0.00035936	26172841
0.00041056	25998762
0.00046176	25787673
0.00051296	25502771
0.00056416	25244661
0.00061536	25066297
0.00066656	24914492
0.00071776	24894466
0.00076896	24885829
0.00082016	24696599
0.00087136	24689777
0.00092256	24622544
0.00097376	24495877
0.00102496	24467155
0.00107616	24458458
0.00112736	24495808
0.00117856	24430909
0.00122976	24272784
0.00128096	24148472
0.00133216	24029775
0.00138336	23870404
0.00143456	23705361
0.00148576	23519172
0.00153696	23390638
0.00158816	23412569
0.00163936	23384951
0.00169056	23317770
0.00174176	23214434
0.00179296	23148078
0.00184416	23345164
0.00189536	23474873
0.00194656	23426329
0.00199776	23414415
0.00204896	23530012
0.00210016	24600148
0.00215136	25520317
0.00220256	26105837
0.00225376	26376347
0.00230496	26871178
0.00235616	27100813
0.00240736	27101538
0.00245856	27021115
0.00250976	26911396
0.00256096	26796290
0.00261216	26842683
0.00266336	26856792
0.00271456	26732786
0.00276576	26602616
0.00281696	26557982
0.00286816	26632931
0.00291936	26626380
0.00297056	26513965
0.00302176	26457018
0.00307296	26447923
0.00312416	26343458
0.00317536	26295176
0.00322656	26517701
0.00327776	27127576
0.00332896	27064220
0.00338016	26952699
0.00343136	26864874
0.00348256	26891678
0.00353376	26793602
0.00358496	26648778
0.00363616	26588317
0.00368736	26696701
0.00373856	27688816
0.00378976	27864971
0.00384096	27969716
0.00389216	27977281
0.00394336	27847424
0.00399456	27780168
0.00404576	27773276
0.00409696	27667903
0.00414816	27557644
0.00419936	27496964
0.00425056	27615569
0.00430176	27668073
0.00435296	27460445
0.00440416	27482310
0.00445536	27551324
0.00450656	28683740
0.00455776	29126771
0.00460896	29126266
0.00466016	29128044
0.00471136	29546128
0.00476256	30979130
0.00481376	31118241
0.00486496	31118432
0.00491616	31022110
0.00496736	30884057
0.00501856	30888747
0.00506976	30778362
0.00512096	30603905
0.00517216	30421638
0.00522336	30150257
0.00527456	29910557
0.00532576	29749573
0.00537696	29700494
0.00542816	30106961
0.00547936	30358969
0.00553056	30288637
0.00558176	30695676
0.00563296	30601780
0.00568416	30267121
0.00573536	29944675
0.00578656	29723234
0.00583776	29524984
0.00588896	29207820
0.00594016	29181547
0.00632064	31135345
0.00637184	30138425
0.00642304	29782684
0.00647424	29491249
0.00652544	29150965
0.00657664	28840239
0.00662784	28754396
0.00667904	28459254
0.00673024	28080583
0.00678144	27828091
0.00683264	27613880
0.00688384	27455370
0.00693504	27269656
0.00698624	27033242
0.00703744	26762874
0.00708864	26459402
0.00713984	27160704
0.00719104	27681324
0.00724224	27565408
0.00729344	27484039
0.00734464	27267744
0.00739584	27067888
0.00744704	26894321
0.00749824	26729168
0.00754944	26493700
0.00760064	26493922
0.00765184	30149963
0.00770304	31788557
0.00775424	31911145
0.00780544	31896673
0.00785664	31693010
0.00790784	31414605
0.00795904	31193421
0.00801024	30954422
0.00806144	30892681
0.00811264	30634170
0.00816384	30344094
0.00821504	30168964
0.00826624	29902717
0.00831744	29624382
0.00836864	29394316
0.00841984	29069211
0.00847104	28772795
0.00852224	28493112
0.00857344	28360934
0.00862464	28147875
0.00867584	27911382
0.00872704	27722809
0.00877824	27310903
0.00882944	27112685
0.00888064	26951784
0.00893184	26682357
0.00898304	26441315
0.00903424	26152625
0.00908544	25869042
0.00913664	25609777
0.00918784	25395185
0.00923904	25150671
0.00929024	24925821
0.00934144	24720251
0.00939264	24598390
0.00944384	24417300
0.00949504	24142828
0.00954624	24034608
0.00959744	23876083
0.00964864	23741578
0.00969984	23669025
0.00975104	25526873
0.00980224	26540775
0.00985344	26725230
0.00990464	26615373
0.00995584	26339163
0.010007	26052198
0.0100582	25820998
0.0101094	25553361
0.0101606	25388269
0.0102118	25318072
0.010263	25160289
0.0103142	24896425
0.0103654	24732725
0.0104166	24422021
0.0104678	24096443
0.010519	23904737
0.0105702	23639026
0.0106214	23409828
0.0106726	23253024
0.0107238	23067086
0.010775	22673497
0.0108262	22378715
0.0108774	22254867
0.0109286	22112470
0.0109798	21833230
0.011031	21569480
0.0110822	21225916
0.0111334	20939580
0.0111846	20645879
0.0112358	20317815
0.011287	20041502
0.0113382	19738963
0.0113894	19369243
0.0114406	18950610
0.0114918	18407159
0.011543	17826527
0.0120946	38961
0.0120949	38681
0.0120951	39295
0.0120954	39063
0.0120956	39385
0.0120958	39025
0.0120961	39189
0.0120963	38992
0.0120966	39334
0.0120968	39295
0.012097	38958
0.0120973	39120
0.0120975	38467
0.0120978	38760
0.012098	39387
0.0120982	38679
0.0120985	38459
0.0120987	39116
0.012099	38856
0.0120992	38777
0.0120994	38815
0.0120997	38237
0.0120999	38957
0.0121002	38637
0.0121004	39239
0.0121006	38346
0.0121009	39461
0.0121011	39141
0.0121014	38713
0.0121016	38346
0.0121018	38490
0.0121021	38720
0.0121023	38147
0.0121026	39099
0.0121028	38180
0.012103	37726
0.0121033	38041
0.0121035	38335
0.0121038	39275
0.012104	38522
0.0121042	39162
0.0121045	38494
0.0121047	38648
0.012105	38640
0.0121052	38702
0.0121054	38008
0.0121057	38770
0.0121059	38583
0.0121062	38289
0.0121064	38487
0.0121066	37898
0.0121069	38149
0.0121071	38013
0.0121074	37848
0.0121076	38156
0.0121078	38584
0.0121081	37991
0.0121083	37486
0.0121086	38329
0.0121088	37957
0.012109	38618
0.0121093	38110
0.0121095	37944
0.0121098	38076
0.01211	38729
0.0121102	38426
0.0121105	38246
0.0121107	37374
0.012111	37784
0.0121112	37374
0.0121114	38017
0.0121117	37807
0.0121119	39396
0.0121122	388893
0.0121124	2344442
0.0121126	4672229
0.0121129	3377768
0.0121131	2504626
0.0121134	2945994
0.0121136	2963330
0.0121138	2717485
0.0121141	2810060
0.0121143	2493186
0.0121146	1971333
0.0121148	1694760
0.012115	1480229
0.0121153	1243151
0.0121155	1088825
0.0121158	1146115
0.012116	1028487
0.0121162	784012
0.0121165	679423
0.0121167	862548
0.012117	979808
0.0121172	950608
0.0121174	882403
0.0121177	789343
0.0121179	685110
0.0121182	600919
0.0121184	544512
0.0121186	459436
0.0121189	602242
0.0121191	817136
0.0121194	854701
0.0121196	800790
0.0121198	747064
0.0121201	743569
0.0121203	732280
0.0121206	719845
0.0121208	706844
0.012121	696374
0.0121213	668628
0.0121215	645283
0.0121218	661354
0.012122	659048
0.0121222	647713
0.0121225	638273
0.0121227	626472
0.012123	623073
0.0121232	621577
0.0121234	617740
0.0121237	610152
0.0121239	601868
0.0121242	595850
0.0121244	589168
0.0121246	588007
0.0121249	575771
0.0121251	560985
0.0121254	571396
0.0121256	585938
0.0121258	576196
0.0121261	564037
0.0121263	557925
0.0121266	552705
0.0121268	549144
0.012127	552695
0.0121273	529485
0.0121275	481986
0.0121278	482747
0.012128	528248
0.0121282	540447
0.0121285	538973
0.0121287	529692
0.012129	525572
0.0121292	521475
0.0121294	517965
0.0121297	516073
0.0121299	514507
0.0121302	510796
0.0121304	506900
0.0121306	503388
0.0121309	504198
0.0121311	505243
0.0121314	497133
0.0121316	494857
0.0121318	492974
0.0121321	492650
0.0121323	486598
0.0121326	474695
0.0121328	477877
0.012133	483137
0.0121333	480285
0.0121335	474861
0.0121338	479578
0.012134	480615
0.0121342	484013
0.0121345	477961
0.0121347	473804
0.012135	473181
0.0121352	471948
0.0121354	461223
0.0121357	442352
0.0121359	425223
0.0121362	446728
0.0121364	452261
0.0121366	450963
0.0121369	450936
0.0121371	452967
0.0121374	450372
0.0121376	453881
0.0121378	459074
0.0121381	473076
0.0121383	476630
0.0121386	461192
0.0121388	448630
0.012139	440418
0.0121393	437853
0.0121395	435537
0.0121398	432208
0.01214	429382
0.0121402	427585
0.0121405	413290
0.0121407	384252
0.012141	386848
0.0121412	417355
0.0121414	427628
0.0121417	427266
0.0121419	425683
0.0121422	426157
0.0121424	422647
0.0121426	421741
0.0121429	420049
0.0121431	415591
0.0121434	415414
0.0121436	414872
0.0121438	416374
0.0121441	413836
0.0121443	410083
0.0121446	409276
0.0121448	411093
0.012145	411123
0.0121453	409599
0.0121455	408920
0.0121458	406006
0.012146	405822
0.0121462	406050
0.0121465	403862
0.0121467	401123
0.012147	400343
0.0121472	397898
0.0121474	393590
0.0121477	388764
0.0121479	391645
0.0121482	393621
0.0121484	393553
0.0121486	393423
0.0121489	392009
0.0121491	391529
0.0121494	391356
0.0121496	390103
0.0121498	388873
0.0121501	385391
0.0121503	386184
0.0121506	385821
0.0121508	387824
0.012151	386921
0.0121513	386194
0.0121515	384091
0.0121518	384440
0.012152	382431
0.0121522	381864
0.0121525	381191
0.0121527	378645
0.012153	378764
0.0121532	378057
0.0121534	377088
0.0121537	376518
0.0121539	375715
0.0121542	376540
0.0121544	376130
0.0121546	372825
0.0121549	372606
0.0121551	369438
0.0121554	371888
0.0121556	369616
0.0121558	368100
0.0121561	370873
0.0121563	369670
0.0121566	368237
0.0121568	368217
0.012157	367130
0.0121573	365596
0.0121575	366063
0.0121578	366710
0.012158	366100
0.0121582	367444
0.0121585	366161
0.0121587	363329
0.012159	360897
0.0121592	359420
0.0121594	362875
0.0121597	362858
0.0121599	362905
0.0121602	361868
0.0121604	362212
0.0121606	368243
0.0121609	378007
0.0121611	375131
0.0121614	364513
0.0121616	358708
0.0121618	355781
0.0121621	355049
0.0121623	354430
0.0121626	352653
0.0121628	350889
0.012163	351626
0.0121633	351335
0.0121635	348387
0.0121638	349921
0.012164	348906
0.0121642	350901
0.0121645	349221
0.0121647	348889
0.012165	349917
0.0121652	347539
0.0121654	346833
0.0121657	347270
0.0121659	346377
0.0121662	347192
0.0121664	346417
0.0121666	345558
0.0121669	342639
0.0121671	342701
0.0121674	340723
0.0121676	340955
0.0121678	339569
0.0121681	339517
0.0121683	342162
0.0121686	342918
0.0121688	339628
0.012169	340466
0.0121693	339529
0.0121695	339362
0.0121698	340297
0.01217	339896
0.0121702	337857
0.0121705	338066
0.0121707	337764
0.012171	334985
0.0121712	330859
0.0121714	330480
0.0121717	332790
0.0121719	330814
0.0121722	333094
0.0121724	335328
0.0121726	332611
0.0121729	330513
0.0121731	330554
0.0121734	329036
0.0121736	329833
0.0121738	327763
0.0121741	325474
0.0121743	323378
0.0121746	319397
0.0121748	317261
0.012175	311889
0.0121753	308304
0.0121755	304211
0.0121758	301698
0.012176	300270
0.0121762	303408
0.0121765	307198
0.0121767	309633
0.012177	312726
0.0121772	314735
0.0121774	318424
0.0121777	319798
0.0121779	319211
0.0121782	318782
0.0121784	317102
0.0121786	317354
0.0121789	322491
0.0121791	321547
0.0121794	324348
0.0121796	322578
0.0121798	321569
0.0121801	322441
0.0121803	322880
0.0121806	322563
0.0121808	320316
0.012181	319945
0.0121813	319421
0.0121815	318583
0.0121818	319999
0.012182	320572
0.0121822	319114
0.0121825	318082
0.0121827	317333
0.012183	318017
0.0121832	320706
0.0121834	317858
0.0121837	317991
0.0121839	318375
0.0121842	317352
0.0121844	316481
0.0121846	317221
0.0121849	316322
0.0121851	315852
0.0121854	314510
0.0121856	314796
0.0121858	312438
0.0121861	311048
0.0121863	308726
0.0121866	311262
0.0121868	313575
0.012187	313134
0.0121873	314537
0.0121875	316175
0.0121878	319116
0.012188	321614
0.0121882	320414
0.0121885	321077
0.0121887	320489
0.012189	317216
0.0121892	316128
0.0121894	314473
0.0121897	311509
0.0121899	309701
0.0121902	309415
0.0121904	308866
0.0121906	310309
0.0121909	310688
0.0121911	308193
0.0121914	304577
0.0121916	306558
0.0121918	307764
0.0121921	308200
0.0121923	307309
0.0121926	307065
0.0121928	306044
0.012193	305934
0.0121933	307280
0.0121935	306384
0.0121938	307599
0.012194	306234
0.0121942	306588
0.0121945	307326
0.0121947	306653
0.012195	307105
0.0121952	307374
0.0121954	304685
0.0121957	304525
0.0121959	304984
0.0121962	305198
0.0121964	303327
0.0121966	300824
0.0121969	301019
0.0121971	304254
0.0121974	302736
0.0121976	302667
0.0121978	299330
0.0121981	296672
0.0121983	291702
0.0121986	294337
0.0121988	296812
0.012199	298854
0.0121993	300762
0.0121995	300075
0.0121998	301291
0.0122	300504
0.0122002	298140
0.0122005	298593
0.0122007	296697
0.012201	295038
0.0122012	294573
0.0122014	296157
0.0122017	297666
0.0122019	299797
0.0122022	299167
0.0122024	297759
0.0122026	297250
0.0122029	295708
0.0122031	295094
0.0122034	295027
0.0122036	294226
0.0122038	296522
0.0122041	296106
0.0122043	298563
0.0122046	296137
0.0122048	295665
0.012205	295891
0.0122053	293979
0.0122055	294780
0.0122058	294828
0.012206	292745
0.0122062	293638
0.0122065	294832
0.0122067	292956
0.012207	293779
0.0122072	294518
0.0122074	290587
0.0122077	286332
0.0122079	290637
0.0122082	291273
0.0122084	291416
0.0122086	292119
0.0122089	294954
0.0122091	292968
0.0122094	289229
0.0122096	287584
0.0122098	291025
0.0122101	288401
0.0122103	288979
0.0122106	289681
0.0122108	288937
0.012211	289124
0.0122113	287119
0.0122115	285460
0.0122118	285765
0.012212	283994
0.0122122	286891
0.0122125	288233
0.0122127	281645
0.012213	272448
0.0122132	268436
0.0122134	268505
0.0122137	268723
0.0122139	269058
0.0122142	268815
0.0122144	268148
0.0122146	270391
0.0122149	269888
0.0122151	273450
0.0122154	274216
0.0122156	273004
0.0122158	274688
0.0122161	278551
0.0122163	279973
0.0122166	278783
0.0122168	279637
0.012217	279030
0.0122173	279977
0.0122175	281222
0.0122178	279874
0.012218	281337
0.0122182	281125
0.0122185	281985
0.0122187	279777
0.012219	276615
0.0122192	278615
0.0122194	281461
0.0122197	283583
0.0122199	282185
0.0122202	281691
0.0122204	283337
0.0122206	282946
0.0122209	282372
0.0122211	278456
0.0122214	275946
0.0122216	275513
0.0122218	278440
0.0122221	279760
0.0122223	280588
0.0122226	279825
0.0122228	280100
0.012223	279867
0.0122233	280779
0.0122235	281167
0.0122238	280897
0.012224	279457
0.0122242	280501
0.0122245	278926
0.0122247	278759
0.012225	278373
0.0122252	278220
0.0122254	278578
0.0122257	277833
0.0122259	275691
0.0122262	272991
0.0122264	273013
0.0122266	277432
0.0122269	278240
0.0122271	277077
0.0122274	277923
0.0122276	278992
0.0122278	281168
0.0122281	280107
0.0122283	282189
0.0122286	280455
0.0122288	279847
0.012229	277843
0.0122293	276898
0.0122295	277964
0.0122298	277186
0.01223	277082
0.0122302	276009
0.0122305	277580
0.0122307	276070
0.012231	275927
0.0122312	276954
0.0122314	276528
0.0122317	275541
0.0122319	275193
0.0122322	276458
0.0122324	277065
0.0122326	277334
0.0122329	278019
0.0122331	276026
0.0122334	272932
0.0122336	273758
0.0122338	274598
0.0122341	271416
0.0122343	274028
0.0122346	271656
0.0122348	272261
0.012235	268842
0.0122353	263550
0.0122355	261941
0.0122358	261481
0.012236	264037
0.0122362	267318
0.0122365	267627
0.0122367	267728
0.012237	267042
0.0122372	269493
0.0122374	269892
0.0122377	270520
0.0122379	270733
0.0122382	271151
0.0122384	270865
0.0122386	268610
0.0122389	266742
0.0122391	267860
0.0122394	268512
0.0122396	267933
0.0122398	267456
0.0122401	268607
0.0122403	271440
0.0122406	270300
0.0122408	268063
0.012241	269373
0.0122413	270834
0.0122415	272005
0.0122418	269884
0.012242	271001
0.0122422	272571
0.0122425	272676
0.0122427	274005
0.012243	272173
0.0122432	267587
0.0122434	268340
0.0122437	266324
0.0122439	265999
0.0122442	267882
0.0122444	268304
0.0122446	267425
0.0122449	267314
0.0122451	266263
0.0122454	264729
0.0122456	265045
0.0122458	264324
0.0122461	263859
0.0122463	265223
0.0122466	267085
0.0122468	265612
0.012247	266095
0.0122473	268311
0.0122475	265767
0.0122478	263317
0.012248	263297
0.0122482	261589
0.0122485	261895
0.0122487	262877
0.012249	262414
0.0122492	259701
0.0122494	256975
0.0122497	258135
0.0122499	260819
0.0122502	256894
0.0122504	251913
0.0122506	248684
0.0122509	249497
0.0122511	252876
0.0122514	258336
0.0122516	259318
0.0122518	261280
0.0122521	263948
0.0122523	263126
0.0122526	262195
0.0122528	262860
0.012253	264370
0.0122533	263586
0.0122535	263729
0.0122538	260799
0.012254	261324
0.0122542	261524
0.0122545	259311
0.0122547	258397
0.012255	258428
0.0122552	257779
0.0122554	258382
0.0122557	258617
0.0122559	259502
0.0122562	260670
0.0122564	260880
0.0122566	261603
0.0122569	259429
0.0122571	258354
0.0122574	261000
0.0122576	260473
0.0122578	260577
0.0122581	258958
0.0122583	259602
0.0122586	257412
0.0122588	256253
0.012259	257079
0.0122593	257432
0.0122595	258000
0.0122598	260970
0.01226	257910
0.0122602	260319
0.0122605	257953
0.0122607	258382
0.012261	259218
0.0122612	258319
0.0122614	258396
0.0122617	258103
0.0122619	256996
0.0122622	256075
0.0122624	252369
0.0122626	251262
0.0122629	253043
0.0122631	256481
0.0122634	257026
0.0122636	256568
0.0122638	256859
0.0122641	257779
0.0122643	258049
0.0122646	257982
0.0122648	259334
0.012265	258140
0.0122653	258407
0.0122655	255776
0.0122658	256565
0.012266	255717
0.0122662	256380
0.0122665	255900
0.0122667	255736
0.012267	255218
0.0122672	254864
0.0122674	254910
0.0122677	253904
0.0122679	250516
0.0122682	246827
0.0122684	242130
0.0122686	243664
0.0122689	246630
0.0122691	251060
0.0122694	252342
0.0122696	251069
0.0122698	252162
0.0122701	250976
0.0122703	252460
0.0122706	253715
0.0122708	253148
0.012271	254469
0.0122713	255528
0.0122715	255961
0.0122718	253751
0.012272	253799
0.0122722	254325
0.0122725	253242
0.0122727	252885
0.012273	254903
0.0122732	252480
0.0122734	251444
0.0122737	251401
0.0122739	250003
0.0122742	246377
0.0122744	239871
0.0122746	230821
0.0122749	230017
0.0122751	230436
0.0122754	236939
0.0122756	240110
0.0122758	242246
0.0122761	244280
0.0122763	245658
0.0122766	245646
0.0122768	248987
0.012277	250767
0.0122773	249496
0.0122775	250873
0.0122778	250534
0.012278	249010
0.0122782	248803
0.0122785	251471
0.0122787	249643
0.012279	250721
0.0122792	249382
0.0122794	251779
0.0122797	247764
0.0122799	245068
0.0122802	245212
0.0122804	246267
0.0122806	244408
0.0122809	247270
0.0122811	249850
0.0122814	251663
0.0122816	251080
0.0122818	249978
0.0122821	247065
0.0122823	245895
0.0122826	246608
0.0122828	246442
0.012283	244429
0.0122833	242763
0.0122835	241427
0.0122838	239216
0.012284	239267
0.0122842	239924
0.0122845	242741
0.0122847	244746
0.012285	247678
0.0122852	246373
0.0122854	245614
0.0122857	246552
0.0122859	245464
0.0122862	245105
0.0122864	244500
0.0122866	245597
0.0122869	245530
0.0122871	246064
0.0122874	246476
0.0122876	246806
0.0122878	246610
0.0122881	247353
0.0122883	248341
0.0122886	245498
0.0122888	245039
0.012289	246906
0.0122893	244930
0.0122895	245633
0.0122898	243812
0.01229	244477
0.0122902	244355
0.0122905	244816
0.0122907	245221
0.012291	245416
0.0122912	245414
0.0122914	244305
0.0122917	243561
0.0122919	244151
0.0122922	243841
0.0122924	244472
0.0122926	241568
0.0122929	238870
0.0122931	236159
0.0122934	236923
0.0122936	237026
0.0122938	240359
0.0122941	239075
0.0122943	241500
0.0122946	241275
0.0122948	242483
0.012295	243515
0.0122953	239373
0.0122955	237432
0.0122958	233928
0.012296	233858
0.0122962	231776
0.0122965	234954
0.0122967	236246
0.012297	238237
0.0122972	238932
0.0122974	237976
0.0122977	240324
0.0122979	240947
0.0122982	241912
0.0122984	240019
0.0122986	240780
0.0122989	241475
0.0122991	244462
0.0122994	243015
0.0122996	241908
0.0122998	242939
0.0123001	243212
0.0123003	242911
0.0123006	242519
0.0123008	243778
0.012301	241630
0.0123013	240697
0.0123015	242859
0.0123018	240553
0.012302	240850
0.0123022	241600
0.0123025	242068
0.0123027	241782
0.012303	241570
0.0123032	241657
0.0123034	241774
0.0123037	242471
0.0123039	240632
0.0123042	239448
0.0123044	239851
0.0123046	241342
0.0123049	240358
0.0123051	238352
0.0123054	240032
0.0123056	238743
0.0123058	238585
0.0123061	239686
0.0123063	242709
0.0123066	242454
0.0123068	245054
0.012307	244144
0.0123073	246452
0.0123075	243572
0.0123078	243081
0.012308	244336
0.0123082	242414
0.0123085	242919
0.0123087	241947
0.012309	242043
0.0123092	239287
0.0123094	240696
0.0123097	239682
0.0123099	238399
0.0123102	238905
0.0123104	238114
0.0123106	238381
0.0123109	238828
0.0123111	237282
0.0123114	238716
0.0123116	238010
0.0123118	237789
0.0123121	238793
0.0123123	239456
0.0123126	238707
0.0123128	239211
0.012313	239663
0.0123133	237429
0.0123135	237057
0.0123138	237350
0.012314	240674
0.0123142	237526
0.0123145	238196
0.0123147	239165
0.012315	236634
0.0123152	234557
0.0123154	232474
0.0123157	232501
0.0123159	232775
0.0123162	234450
0.0123164	233016
0.0123166	234410
0.0123169	233823
0.0123171	235591
0.0123174	234834
0.0123176	235281
0.0123178	235500
0.0123181	235289
0.0123183	234494
0.0123186	236171
0.0123188	234254
0.012319	236142
0.0123193	236163
0.0123195	236499
0.0123198	234914
0.01232	233843
0.0123202	234765
0.0123205	234690
0.0123207	233986
0.012321	232370
0.0123212	232790
0.0123214	232700
0.0123217	232020
0.0123219	230964
0.0123222	230607
0.0123224	226260
0.0123226	222083
0.0123229	217908
0.0123231	214382
0.0123234	213172
0.0123236	216216
0.0123238	217956
0.0123241	221223
0.0123243	224920
0.0123246	228402
0.0123248	230446
0.012325	229841
0.0123253	229463
0.0123255	229143
0.0123258	228521
0.012326	226466
0.0123262	225153
0.0123265	224359
0.0123267	221636
0.012327	221935
0.0123272	224640
0.0123274	225935
0.0123277	228333
0.0123279	228102
0.0123282	228361
0.0123284	229344
0.0123286	229364
0.0123289	230817
0.0123291	231362
0.0123294	232717
0.0123296	230708
0.0123298	232691
0.0123301	231518
0.0123303	231601
0.0123306	230854
0.0123308	230176
0.012331	232675
0.0123313	231335
0.0123315	230553
0.0123318	230817
0.012332	232059
0.0123322	231252
0.0123325	230825
0.0123327	230224
0.012333	229532
0.0123332	228428
0.0123334	230226
0.0123337	229195
0.0123339	228677
0.0123342	227188
0.0123344	225199
0.0123346	226092
0.0123349	226087
0.0123351	226387
0.0123354	225230
0.0123356	224836
0.0123358	225164
0.0123361	221911
0.0123363	222370
0.0123366	220814
0.0123368	222994
0.012337	222263
0.0123373	222869
0.0123375	225022
0.0123378	225789
0.012338	227580
0.0123382	227511
0.0123385	226114
0.0123387	227931
0.012339	227871
0.0123392	227755
0.0123394	227871
0.0123397	229244
0.0123399	227737
0.0123402	227963
0.0123404	227783
0.0123406	228153
0.0123409	227499
0.0123411	228427
0.0123414	228783
0.0123416	228788
0.0123418	227305
0.0123421	226557
0.0123423	228886
0.0123426	226615
0.0123428	227009
0.012343	227855
0.0123433	227559
0.0123435	226714
0.0123438	227124
0.012344	225425
0.0123442	227283
0.0123445	227976
0.0123447	227260
0.012345	226876
0.0123452	225517
0.0123454	226094
0.0123457	226346
0.0123459	224857
0.0123462	227652
0.0123464	225319
0.0123466	224484
0.0123469	225171
0.0123471	226616
0.0123474	226229
0.0123476	225813
0.0123478	225897
0.0123481	226639
0.0123483	226054
0.0123486	225559
0.0123488	226485
0.012349	225757
0.0123493	226411
0.0123495	225968
0.0123498	227257
0.01235	225048
0.0123502	225024
0.0123505	224764
0.0123507	224079
0.012351	224067
0.0123512	224441
0.0123514	225102
0.0123517	224975
0.0123519	223497
0.0123522	222628
0.0123524	223130
0.0123526	224026
0.0123529	224210
0.0123531	223439
0.0123534	223240
0.0123536	222854
0.0123538	224071
0.0123541	223952
0.0123543	222839
0.0123546	223501
0.0123548	222629
0.012355	222901
0.0123553	224054
0.0123555	222856
0.0123558	223943
0.012356	224788
0.0123562	222888
0.0123565	223825
0.0123567	222722
0.012357	222838
0.0123572	223896
0.0123574	226839
0.0123577	225634
0.0123579	225171
0.0123582	224590
0.0123584	226822
0.0123586	224694
0.0123589	223581
0.0123591	221985
0.0123594	220851
0.0123596	217291
0.0123598	216150
0.0123601	215194
0.0123603	215039
0.0123606	216171
0.0123608	215537
0.012361	216447
0.0123613	214491
0.0123615	216096
0.0123618	215981
0.012362	216239
0.0123622	215346
0.0123625	214525
0.0123627	210801
0.012363	205523
0.0123632	200509
0.0123634	190434
0.0123637	180738
0.0123639	170115
0.0123642	162825
0.0123644	157704
0.0123646	156722
0.0123649	158805
0.0123651	164871
0.0123654	170686
0.0123656	176848
0.0123658	182762
0.0123661	186485
0.0123663	191624
0.0123666	194440
0.0123668	197729
0.012367	199470
0.0123673	201680
0.0123675	203095
0.0123678	206211
0.012368	207821
0.0123682	210244
0.0123685	211677
0.0123687	213482
0.012369	213488
0.0123692	214764
0.0123694	217020
0.0123697	216558
0.0123699	215452
0.0123702	215503
0.0123704	213323
0.0123706	214565
0.0123709	214548
0.0123711	212971
0.0123714	215167
0.0123716	214162
0.0123718	215156
0.0123721	215534
0.0123723	213968
0.0123726	213036
0.0123728	213177
0.012373	213579
0.0123733	213656
0.0123735	214756
0.0123738	213785
0.012374	212621
0.0123742	211892
0.0123745	212885
0.0123747	212002
0.012375	211986
0.0123752	212956
0.0123754	210944
0.0123757	209076
0.0123759	208940
0.0123762	210223
0.0123764	209147
0.0123766	207086
0.0123769	207995
0.0123771	206347
0.0123774	206288
0.0123776	206277
0.0123778	204577
0.0123781	202932
0.0123783	203721
0.0123786	203520
0.0123788	201878
0.012379	202538
0.0123793	200693
0.0123795	201526
0.0123798	199890
0.01238	199858
0.0123802	201736
0.0123805	202309
0.0123807	200760
0.012381	199980
0.0123812	200480
0.0123814	199226
0.0123817	199016
0.0123819	200375
0.0123822	197684
0.0123824	199073
0.0123826	198489
0.0123829	199913
0.0123831	199510
0.0123834	198893
0.0123836	198919
0.0123838	202717
0.0123841	200256
0.0123843	202380
0.0123846	201193
0.0123848	201910
0.012385	203143
0.0123853	203111
0.0123855	204459
0.0123858	205051
0.012386	204489
0.0123862	206754
0.0123865	205695
0.0123867	207464
0.012387	206740
0.0123872	207380
0.0123874	211056
0.0123877	209301
0.0123879	208566
0.0123882	209696
0.0123884	210156
0.0123886	210007
0.0123889	208904
0.0123891	210896
0.0123894	209685
0.0123896	210407
0.0123898	210315
0.0123901	211296
0.0123903	209421
0.0123906	208127
0.0123908	211437
0.012391	211675
0.0123913	212062
0.0123915	210627
0.0123918	212473
0.012392	214585
0.0123922	211561
0.0123925	211012
0.0123927	211415
0.012393	211534
0.0123932	211164
0.0123934	210901
0.0123937	212729
0.0123939	211935
0.0123942	211773
0.0123944	211645
0.0123946	211709
0.0123949	213260
0.0123951	211476
0.0123954	212526
0.0123956	212549
0.0123958	212160
0.0123961	213185
0.0123963	213153
0.0123966	212105
0.0123968	211093
0.012397	211294
0.0123973	209607
0.0123975	208498
0.0123978	206034
0.012398	206436
0.0123982	204317
0.0123985	203714
0.0123987	202031
0.012399	200618
0.0123992	197941
0.0123994	195020
0.0123997	192006
0.0123999	190949
0.0124002	189825
0.0124004	186503
0.0124006	187549
0.0124009	187944
0.0124011	189171
0.0124014	190661
0.0124016	192752
0.0124018	193479
0.0124021	194347
0.0124023	198135
0.0124026	201149
0.0124028	202427
0.012403	203073
0.0124033	204966
0.0124035	205201
0.0124038	206454
0.012404	204765
0.0124042	206244
0.0124045	206828
0.0124047	207263
0.012405	207138
0.0124052	207787
0.0124054	207097
0.0124057	206669
0.0124059	207470
0.0124062	207895
0.0124064	207582
0.0124066	207208
0.0124069	207143
0.0124071	206361
0.0124074	206518
0.0124076	204016
0.0124078	202737
0.0124081	198753
0.0124083	194700
0.0124086	192064
0.0124088	187507
0.012409	183976
0.0124093	181236
0.0124095	179879
0.0124098	177849
0.01241	178036
0.0124102	180159
0.0124105	180579
0.0124107	184480
0.012411	187775
0.0124112	190520
0.0124114	194382
0.0124117	196901
0.0124119	198562
0.0124122	200166
0.0124124	201910
0.0124126	203141
0.0124129	204515
0.0124131	206349
0.0124134	207255
0.0124136	206189
0.0124138	207053
0.0124141	207930
0.0124143	206452
0.0124146	206758
0.0124148	208354
0.012415	207668
0.0124153	206353
0.0124155	207883
0.0124158	207804
0.012416	207361
0.0124162	205550
0.0124165	207754
0.0124167	208585
0.012417	208702
0.0124172	207673
0.0124174	207760
0.0124177	208696
0.0124179	209340
0.0124182	207049
0.0124184	209148
0.0124186	209424
0.0124189	207305
0.0124191	207202
0.0124194	207769
0.0124196	207778
0.0124198	206610
0.0124201	206970
0.0124203	207438
0.0124206	208770
0.0124208	206391
0.012421	207005
0.0124213	208291
0.0124215	206999
0.0124218	207825
0.012422	207721
0.0124222	206631
0.0124225	207451
0.0124227	208215
0.012423	208532
0.0124232	207371
0.0124234	206861
0.0124237	206638
0.0124239	207466
0.0124242	206621
0.0124244	207070
0.0124246	206583
0.0124249	206619
0.0124251	206836
0.0124254	207422
0.0124256	206788
0.0124258	206914
0.0124261	206310
0.0124263	207660
0.0124266	207896
0.0124268	206782
0.012427	207474
0.0124273	206764
0.0124275	206150
0.0124278	207006
0.012428	208562
0.0124282	206814
0.0124285	206523
0.0124287	206769
0.012429	205967
0.0124292	207506
0.0124294	205622
0.0124297	207258
0.0124299	207305
0.0124302	207271
0.0124304	207442
0.0124306	207033
0.0124309	207049
0.0124311	205808
0.0124314	205509
0.0124316	206847
0.0124318	206927
0.0124321	206674
0.0124323	206069
0.0124326	205915
0.0124328	207388
0.012433	206827
0.0124333	205711
0.0124335	206206
0.0124338	207175
0.012434	206130
0.0124342	205059
0.0124345	205544
0.0124347	205931
0.012435	205196
0.0124352	205314
0.0124354	205792
0.0124357	204911
0.0124359	206026
0.0124362	204388
0.0124364	206525
0.0124366	205705
0.0124369	206371
0.0124371	206376
0.0124374	205910
0.0124376	205577
0.0124378	206757
0.0124381	205196
0.0124383	206284
0.0124386	205572
0.0124388	204902
0.012439	206672
0.0124393	205655
0.0124395	204559
0.0124398	205816
0.01244	205889
0.0124402	204147
0.0124405	205464
0.0124407	204905
0.012441	206943
0.0124412	204117
0.0124414	204556
0.0124417	205160
0.0124419	205287
0.0124422	204946
0.0124424	205541
0.0124426	205990
0.0124429	203510
0.0124431	203499
0.0124434	206472
0.0124436	205060
0.0124438	205225
0.0124441	205103
0.0124443	203908
0.0124446	204862
0.0124448	205241
0.012445	205053
0.0124453	204813
0.0124455	203524
0.0124458	205105
0.012446	204796
0.0124462	203742
0.0124465	204583
0.0124467	204438
0.012447	204358
0.0124472	203300
0.0124474	203478
0.0124477	204007
0.0124479	203714
0.0124482	203204
0.0124484	202998
0.0124486	201773
0.0124489	204552
0.0124491	204288
0.0124494	203452
0.0124496	203188
0.0124498	202244
0.0124501	202393
0.0124503	201838
0.0124506	203811
0.0124508	202285
0.012451	202534
0.0124513	202615
0.0124515	203442
0.0124518	202794
0.012452	202462
0.0124522	202113
0.0124525	202467
0.0124527	203679
0.012453	202276
0.0124532	203231
0.0124534	204291
0.0124537	202895
0.0124539	204153
0.0124542	201942
0.0124544	202824
0.0124546	202391
0.0124549	202329
0.0124551	202079
0.0124554	202534
0.0124556	202201
0.0124558	201006
0.0124561	201915
0.0124563	203133
0.0124566	202933
0.0124568	201714
0.012457	202138
0.0124573	202549
0.0124575	202316
0.0124578	201105
0.012458	201572
0.0124582	201379
0.0124585	202615
0.0124587	202045
0.012459	201570
0.0124592	201966
0.0124594	202970
0.0124597	201759
0.0124599	201497
0.0124602	200590
0.0124604	201858
0.0124606	202763
0.0124609	202696
0.0124611	202218
0.0124614	201535
0.0124616	201253
0.0124618	202684
0.0124621	201940
0.0124623	200583
0.0124626	201876
0.0124628	200538
0.012463	200881
0.0124633	201361
0.0124635	200494
0.0124638	201491
0.012464	201077
0.0124642	200128
0.0124645	199991
0.0124647	201146
0.012465	200354
0.0124652	199692
0.0124654	200042
0.0124657	201152
0.0124659	201840
0.0124662	202364
0.0124664	201064
0.0124666	200203
0.0124669	201080
0.0124671	201325
0.0124674	203571
0.0124676	201685
0.0124678	199924
0.0124681	200055
0.0124683	200505
0.0124686	201505
0.0124688	201662
0.012469	200213
0.0124693	200348
0.0124695	200704
0.0124698	200298
0.01247	199354
0.0124702	200164
0.0124705	200216
0.0124707	200320
0.012471	199524
0.0124712	200308
0.0124714	200318
0.0124717	199081
0.0124719	198355
0.0124722	199620
0.0124724	199615
0.0124726	199208
0.0124729	200117
0.0124731	199324
0.0124734	198090
0.0124736	199446
0.0124738	199055
0.0124741	199318
0.0124743	200836
0.0124746	200490
0.0124748	200001
0.012475	198241
0.0124753	199477
0.0124755	199029
0.0124758	198622
0.012476	199208
0.0124762	199716
0.0124765	200319
0.0124767	200033
0.012477	200641
0.0124772	198429
0.0124774	199369
0.0124777	199293
0.0124779	198060
0.0124782	199471
0.0124784	198037
0.0124786	199373
0.0124789	199498
0.0124791	199515
0.0124794	199178
0.0124796	198555
0.0124798	200488
0.0124801	199788
0.0124803	200012
0.0124806	197337
0.0124808	198656
0.012481	198704
0.0124813	199437
0.0124815	197373
0.0124818	198434
0.012482	198260
0.0124822	197320
0.0124825	199815
0.0124827	198868
0.012483	197583
0.0124832	198501
0.0124834	198062
0.0124837	198359
0.0124839	198288
0.0124842	197697
0.0124844	197674
0.0124846	198820
0.0124849	198473
0.0124851	197558
0.0124854	197849
0.0124856	198376
0.0124858	198388
0.0124861	196914
0.0124863	199205
0.0124866	197985
0.0124868	199103
0.012487	198341
0.0124873	198689
0.0124875	198424
0.0124878	197791
0.012488	197639
0.0124882	198363
0.0124885	197479
0.0124887	197350
0.012489	196588
0.0124892	197042
0.0124894	197895
0.0124897	197336
0.0124899	197385
0.0124902	197293
0.0124904	197636
0.0124906	197036
0.0124909	197435
0.0124911	196512
0.0124914	197623
0.0124916	196122
0.0124918	198107
0.0124921	196694
0.0124923	197901
0.0124926	197213
0.0124928	196908
0.012493	196337
0.0124933	197154
0.0124935	196674
0.0124938	195459
0.012494	196964
0.0124942	195644
0.0124945	196459
0.0124947	196271
0.012495	196223
0.0124952	196651
0.0124954	196406
0.0124957	196201
0.0124959	196791
0.0124962	195926
0.0124964	194686
0.0124966	194607
0.0124969	193387
0.0124971	194300
0.0124974	194986
0.0124976	192900
0.0124978	193470
0.0124981	193487
0.0124983	191825
0.0124986	192619
0.0124988	189937
0.012499	191526
0.0124993	189183
0.0124995	188773
0.0124998	188375
0.0125	188068
0.0125002	188032
0.0125005	187250
0.0125007	187719
0.012501	188993
0.0125012	187112
0.0125014	187237
0.0125017	187827
0.0125019	187824
0.0125022	185992
0.0125024	186968
0.0125026	187555
0.0125029	186733
0.0125031	186848
0.0125034	185566
0.0125036	186357
0.0125038	187982
0.0125041	187653
0.0125043	186775
0.0125046	186951
0.0125048	188106
0.012505	188938
0.0125053	190917
0.0125055	188988
0.0125058	189665
0.012506	189788
0.0125062	190408
0.0125065	191758
0.0125067	191927
0.012507	192598
0.0125072	192243
0.0125074	193785
0.0125077	192954
0.0125079	193887
0.0125082	191667
0.0125084	192494
0.0125086	193851
0.0125089	193510
0.0125091	193380
0.0125094	193245
0.0125096	192784
0.0125098	192438
0.0125101	193126
0.0125103	194882
0.0125106	192949
0.0125108	193088
0.012511	193352
0.0125113	193397
0.0125115	192252
0.0125118	192669
0.012512	193733
0.0125122	193481
0.0125125	193088
0.0125127	192615
0.012513	193052
0.0125132	193192
0.0125134	192837
0.0125137	192192
0.0125139	193593
0.0125142	192348
0.0125144	191064
0.0125146	192026
0.0125149	193146
0.0125151	191214
0.0125154	191334
0.0125156	191987
0.0125158	191070
0.0125161	191775
0.0125163	190016
0.0125166	191506
0.0125168	191934
0.012517	191175
0.0125173	191056
0.0125175	191780
0.0125178	191369
0.012518	191109
0.0125182	190633
0.0125185	191058
0.0125187	191168
0.012519	190371
0.0125192	190884
0.0125194	189896
0.0125197	188288
0.0125199	189703
0.0125202	190013
0.0125204	186850
0.0125206	187762
0.0125209	189315
0.0125211	188207
0.0125214	189120
0.0125216	188107
0.0125218	186890
0.0125221	185650
0.0125223	186861
0.0125226	186636
0.0125228	186331
0.012523	185214
0.0125233	182868
0.0125235	184229
0.0125238	184000
0.012524	181981
0.0125242	180534
0.0125245	181167
0.0125247	179594
0.012525	178271
0.0125252	177628
0.0125254	175627
0.0125257	173848
0.0125259	171649
0.0125262	170083
0.0125264	169420
0.0125266	168252
0.0125269	166562
0.0125271	165283
0.0125274	164515
0.0125276	162465
0.0125278	162733
0.0125281	159518
0.0125283	159818
0.0125286	158501
0.0125288	159122
0.012529	157695
0.0125293	157513
0.0125295	158222
0.0125298	157704
0.01253	157394
0.0125302	157247
0.0125305	156630
0.0125307	155417
0.012531	155236
0.0125312	155356
0.0125314	154890
0.0125317	156016
0.0125319	155250
0.0125322	156162
0.0125324	155753
0.0125326	155729
0.0125329	157271
0.0125331	158073
0.0125334	159203
0.0125336	161088
0.0125338	162845
0.0125341	162896
0.0125343	165488
0.0125346	165638
0.0125348	167569
0.012535	168364
0.0125353	169785
0.0125355	170492
0.0125358	170907
0.012536	172783
0.0125362	173711
0.0125365	175033
0.0125367	176884
0.012537	177083
0.0125372	176977
0.0125374	178187
0.0125377	177948
0.0125379	180229
0.0125382	180439
0.0125384	181015
0.0125386	182408
0.0125389	181330
0.0125391	182633
0.0125394	183911
0.0125396	183133
0.0125398	185027
0.0125401	184195
0.0125403	183208
0.0125406	183931
0.0125408	184907
0.012541	185761
0.0125413	183912
0.0125415	184435
0.0125418	184822
0.012542	185506
0.0125422	185324
0.0125425	185960
0.0125427	185793
0.012543	186891
0.0125432	185822
0.0125434	187334
0.0125437	187442
0.0125439	186513
0.0125442	188555
0.0125444	186212
0.0125446	187008
0.0125449	186733
0.0125451	186070
0.0125454	188768
0.0125456	185867
0.0125458	187860
0.0125461	186959
0.0125463	186582
0.0125466	187178
0.0125468	187064
0.012547	187108
0.0125473	187639
0.0125475	186849
0.0125478	187447
0.012548	187615
0.0125482	186430
0.0125485	187569
0.0125487	187606
0.012549	187339
0.0125492	187421
0.0125494	187154
0.0125497	187518
0.0125499	188085
0.0125502	187496
0.0125504	187296
0.0125506	187492
0.0125509	186622
0.0125511	188497
0.0125514	187239
0.0125516	187799
0.0125518	188151
0.0125521	186516
0.0125523	188209
0.0125526	187283
0.0125528	187872
0.012553	187354
0.0125533	186991
0.0125535	187359
0.0125538	187773
0.012554	187046
0.0125542	187770
0.0125545	187197
0.0125547	187946
0.012555	186329
0.0125552	187263
0.0125554	187599
0.0125557	187910
0.0125559	185990
0.0125562	186262
0.0125564	186486
0.0125566	186707
0.0125569	186207
0.0125571	186559
0.0125574	186185
0.0125576	186218
0.0125578	186796
0.0125581	186524
0.0125583	186541
0.0125586	187122
0.0125588	186627
0.012559	186531
0.0125593	186567
0.0125595	186468
0.0125598	185653
0.01256	184958
0.0125602	186086
0.0125605	185986
0.0125607	185632
0.012561	186543
0.0125612	184191
0.0125614	185981
0.0125617	185339
0.0125619	185169
0.0125622	184100
0.0125624	182146
0.0125626	182983
0.0125629	182940
0.0125631	182455
0.0125634	182100
0.0125636	180577
0.0125638	180884
0.0125641	182205
0.0125643	179083
0.0125646	179028
0.0125648	177996
0.012565	178612
0.0125653	177673
0.0125655	176735
0.0125658	175599
0.012566	175825
0.0125662	174246
0.0125665	173739
0.0125667	173519
0.012567	173923
0.0125672	174261
0.0125674	172586
0.0125677	174418
0.0125679	173748
0.0125682	173655
0.0125684	173009
0.0125686	173667
0.0125689	174424
0.0125691	175051
0.0125694	175451
0.0125696	176662
0.0125698	176712
0.0125701	176160
0.0125703	177293
0.0125706	177472
0.0125708	177699
0.012571	177740
0.0125713	178352
0.0125715	178605
0.0125718	179443
0.012572	179033
0.0125722	177991
0.0125725	178266
0.0125727	178208
0.012573	179450
0.0125732	178546
0.0125734	179047
0.0125737	177665
0.0125739	176456
0.0125742	176158
0.0125744	176684
0.0125746	175232
0.0125749	175049
0.0125751	172432
0.0125754	172191
0.0125756	171170
0.0125758	169285
0.0125761	168918
0.0125763	166603
0.0125766	164278
0.0125768	163476
0.012577	160146
0.0125773	159333
0.0125775	158225
0.0125778	155439
0.012578	153531
0.0125782	152825
0.0125785	151702
0.0125787	150443
0.012579	148144
0.0125792	147794
0.0125794	147712
0.0125797	144628
0.0125799	146627
0.0125802	144395
0.0125804	144882
0.0125806	145810
0.0125809	146122
0.0125811	146659
0.0125814	147809
0.0125816	149613
0.0125818	149558
0.0125821	152080
0.0125823	153720
0.0125826	154220
0.0125828	155554
0.012583	157569
0.0125833	159327
0.0125835	160429
0.0125838	163203
0.012584	162498
0.0125842	164300
0.0125845	166848
0.0125847	167271
0.012585	166881
0.0125852	167878
0.0125854	169983
0.0125857	171274
0.0125859	171578
0.0125862	172097
0.0125864	173082
0.0125866	172847
0.0125869	173908
0.0125871	174598
0.0125874	174960
0.0125876	174998
0.0125878	176289
0.0125881	175981
0.0125883	176832
0.0125886	177048
0.0125888	176905
0.012589	177673
0.0125893	177684
0.0125895	176842
0.0125898	175049
0.01259	177081
0.0125902	178602
0.0125905	177339
0.0125907	177241
0.012591	177485
0.0125912	177735
0.0125914	176338
0.0125917	176998
0.0125919	177308
0.0125922	179909
0.0125924	178553
0.0125926	179079
0.0125929	179410
0.0125931	180364
0.0125934	178160
0.0125936	178754
0.0125938	178971
0.0125941	179480
0.0125943	178866
0.0125946	180765
0.0125948	179080
0.012595	179161
0.0125953	178940
0.0125955	180968
0.0125958	180769
0.012596	179266
0.0125962	178800
0.0125965	178265
0.0125967	177913
0.012597	178553
0.0125972	175863
0.0125974	175483
0.0125977	176176
0.0125979	175258
0.0125982	174333
0.0125984	174488
0.0125986	173724
0.0125989	174125
0.0125991	172458
0.0125994	171929
0.0125996	171556
0.0125998	169942
0.0126001	170654
0.0126003	169602
0.0126006	168323
0.0126008	168213
0.012601	167810
0.0126013	166615
0.0126015	166844
0.0126018	165966
0.012602	166323
0.0126022	166245
0.0126025	164968
0.0126027	165866
0.012603	165768
0.0126032	166724
0.0126034	165906
0.0126037	165755
0.0126039	165108
0.0126042	166092
0.0126044	166142
0.0126046	164681
0.0126049	165791
0.0126051	164881
0.0126054	163841
0.0126056	163930
0.0126058	164476
0.0126061	163511
0.0126063	164095
0.0126066	163783
0.0126068	163861
0.012607	162534
0.0126073	162687
0.0126075	162407
0.0126078	162114
0.012608	161447
0.0126082	159749
0.0126085	159587
0.0126087	159975
0.012609	159266
0.0126092	156714
0.0126094	156734
0.0126097	156600
0.0126099	155931
0.0126102	155258
0.0126104	154307
0.0126106	153497
0.0126109	154142
0.0126111	153022
0.0126114	150860
0.0126116	150508
0.0126118	149764
0.0126121	150104
0.0126123	148692
0.0126126	147213
0.0126128	144853
0.012613	143514
0.0126133	143903
0.0126135	142131
0.0126138	140498
0.012614	140184
0.0126142	138279
0.0126145	137977
0.0126147	136116
0.012615	134232
0.0126152	132877
0.0126154	132068
0.0126157	130482
0.0126159	130955
0.0126162	129232
0.0126164	126442
0.0126166	126045
0.0126169	125098
0.0126171	124537
0.0126174	122050
0.0126176	122206
0.0126178	120420
0.0126181	119742
0.0126183	118180
0.0126186	116852
0.0126188	116598
0.012619	114616
0.0126193	113485
0.0126195	113611
0.0126198	112423
0.01262	111577
0.0126202	110683
0.0126205	109960
0.0126207	108461
0.012621	106848
0.0126212	106686
0.0126214	106583
0.0126217	105299
0.0126219	103729
0.0126222	104719
0.0126224	104332
0.0126226	102761
0.0126229	102271
0.0126231	102328
0.0126234	101768
0.0126236	101524
0.0126238	101454
0.0126241	100885
0.0126243	100422
0.0126246	100402
0.0126248	100108
0.012625	101113
0.0126253	100262
0.0126255	100046
0.0126258	101144
0.012626	101705
0.0126262	101836
0.0126265	101141
0.0126267	102351
0.012627	102322
0.0126272	101623
0.0126274	102950
0.0126277	102918
0.0126279	103938
0.0126282	103734
0.0126284	104094
0.0126286	105809
0.0126289	105812
0.0126291	105755
0.0126294	106648
0.0126296	106550
0.0126298	108116
0.0126301	107118
0.0126303	109081
0.0126306	108778
0.0126308	109360
0.012631	110004
0.0126313	110083
0.0126315	111061
0.0126318	111162
0.012632	111957
0.0126322	113061
0.0126325	112740
0.0126327	114158
0.012633	115019
0.0126332	114922
0.0126334	113924
0.0126337	114402
0.0126339	115391
0.0126342	116229
0.0126344	116262
0.0126346	116515
0.0126349	116864
0.0126351	117927
0.0126354	118775
0.0126356	118139
0.0126358	118644
0.0126361	119506
0.0126363	119725
0.0126366	120628
0.0126368	121292
0.012637	122317
0.0126373	120854
0.0126375	122655
0.0126378	122194
0.012638	123181
0.0126382	123887
0.0126385	122859
0.0126387	124591
0.012639	125881
0.0126392	125597
0.0126394	127133
0.0126397	126443
0.0126399	127408
0.0126402	128532
0.0126404	129506
0.0126406	131012
0.0126409	131452
0.0126411	131199
0.0126414	132309
0.0126416	132603
0.0126418	133636
0.0126421	134743
0.0126423	135028
0.0126426	136083
0.0126428	137585
0.012643	137028
0.0126433	140134
0.0126435	140406
0.0126438	141827
0.012644	142630
0.0126442	143748
0.0126445	143401
0.0126447	144912
0.012645	145826
0.0126452	146698
0.0126454	149551
0.0126457	149579
0.0126459	149887
0.0126462	150942
0.0126464	151031
0.0126466	151389
0.0126469	153825
0.0126471	153987
0.0126474	154586
0.0126476	155489
0.0126478	157207
0.0126481	158210
0.0126483	158145
0.0126486	157795
0.0126488	158766
0.012649	159343
0.0126493	159533
0.0126495	158896
0.0126498	161516
0.01265	161705
0.0126502	161430
0.0126505	162098
0.0126507	162568
0.012651	163351
0.0126512	164262
0.0126514	164460
0.0126517	164453
0.0126519	163691
0.0126522	164979
0.0126524	165673
0.0126526	166551
0.0126529	166007
0.0126531	166216
0.0126534	166723
0.0126536	167886
0.0126538	167478
0.0126541	166679
0.0126543	167738
0.0126546	166953
0.0126548	168339
0.012655	168654
0.0126553	168712
0.0126555	169498
0.0126558	169552
0.012656	169881
0.0126562	170778
0.0126565	170708
0.0126567	170794
0.012657	170740
0.0126572	171645
0.0126574	171284
0.0126577	170779
0.0126579	169498
0.0126582	170568
0.0126584	171297
0.0126586	171306
0.0126589	172549
0.0126591	172474
0.0126594	171907
0.0126596	172541
0.0126598	173186
0.0126601	172047
0.0126603	172602
0.0126606	172221
0.0126608	173381
0.012661	172881
0.0126613	173534
0.0126615	174764
0.0126618	172149
0.012662	172626
0.0126622	173615
0.0126625	172529
0.0126627	174420
0.012663	174453
0.0126632	173570
0.0126634	174097
0.0126637	174332
0.0126639	174036
0.0126642	174529
0.0126644	174365
0.0126646	174057
0.0126649	175248
0.0126651	175058
0.0126654	173648
0.0126656	173651
0.0126658	174842
0.0126661	174514
0.0126663	173025
0.0126666	175062
0.0126668	175840
0.012667	173509
0.0126673	174109
0.0126675	174628
0.0126678	174727
0.012668	174257
0.0126682	175213
0.0126685	174698
0.0126687	174517
0.012669	174848
0.0126692	174950
0.0126694	175547
0.0126697	175360
0.0126699	175201
0.0126702	175618
0.0126704	176394
0.0126706	176051
0.0126709	175843
0.0126711	174955
0.0126714	175455
0.0126716	174618
0.0126718	176166
0.0126721	175506
0.0126723	176272
0.0126726	175449
0.0126728	176168
0.012673	176065
0.0126733	175315
0.0126735	175580
0.0126738	175451
0.012674	175701
0.0126742	173858
0.0126745	175896
0.0126747	176338
0.012675	176931
0.0126752	175169
0.0126754	175537
0.0126757	174496
0.0126759	174530
0.0126762	174565
0.0126764	175572
0.0126766	175337
0.0126769	177066
0.0126771	174879
0.0126774	174959
0.0126776	173342
0.0126778	174756
0.0126781	173994
0.0126783	172853
0.0126786	173533
0.0126788	173442
0.012679	173975
0.0126793	174088
0.0126795	174466
0.0126798	172493
0.01268	172188
0.0126802	171241
0.0126805	172710
0.0126807	170866
0.012681	171807
0.0126812	172681
0.0126814	171189
0.0126817	169943
0.0126819	170022
0.0126822	169630
0.0126824	168929
0.0126826	168959
0.0126829	167529
0.0126831	168545
0.0126834	167427
0.0126836	168156
0.0126838	168047
0.0126841	168391
0.0126843	166354
0.0126846	166110
0.0126848	166682
0.012685	166385
0.0126853	166768
0.0126855	167491
0.0126858	166363
0.012686	166990
0.0126862	166190
0.0126865	167914
0.0126867	167235
0.012687	167648
0.0126872	166862
0.0126874	167641
0.0126877	167804
0.0126879	168536
0.0126882	169781
0.0126884	168765
0.0126886	169127
0.0126889	169892
0.0126891	170144
0.0126894	169770
0.0126896	171596
0.0126898	172572
0.0126901	171039
0.0126903	171935
0.0126906	171333
0.0126908	172457
0.012691	173560
0.0126913	172879
0.0126915	173803
0.0126918	174614
0.012692	174664
0.0126922	174850
0.0126925	173805
0.0126927	176209
0.012693	175378
0.0126932	174512
0.0126934	175682
0.0126937	175855
0.0126939	175600
0.0126942	176433
0.0126944	173581
0.0131006	31932609
0.0131518	34075139
0.013203	34883970
0.0132542	32596701
0.0133054	34857377
0.0133566	35425927
0.0134078	35465589
0.013459	35174400
0.0135102	34669119
0.0135614	34147582
0.0136126	33590360
0.0136638	33076047
0.013715	32597787
0.0137662	32119755
0.0138174	31626556
0.0138686	31105144
0.0139198	30512749
0.013971	29856566
0.0140222	29195867
0.0140734	28549561
0.0141246	27950711
0.0141758	27393637
0.014227	26880097
0.0142782	26439855
0.0143294	26042555
0.0143806	25686870
0.0144318	25408671
0.014483	25197029
0.0145342	25002444
0.0145854	24871427
0.0146366	24855336
0.0146878	24892032
0.014739	24981888
0.0147902	25161348
0.0148414	25367767
0.0148926	25612681
0.0149438	25855472
0.014995	26053110
0.0150462	26243360
0.0150974	26450529
0.0151486	26648280
0.0151998	26851745
0.015251	26998638
0.0153022	27132055
0.0153534	27252990
0.0154046	27335600
0.0154558	27506484
0.015507	27731631
0.0155582	27907859
0.0156094	28241893
0.0156606	29358506
0.0157118	29976547
0.015763	30486631
