9.6e-007	604306
5.216e-005	588433
0.00010336	586019
0.00015456	582540
0.00020576	574691
0.00025696	569162
0.00030816	569061
0.00035936	559184
0.00041056	557065
0.00046176	552613
0.00051296	545680
0.00056416	541841
0.00061536	539203
0.00066656	535918
0.00071776	530075
0.00076896	534243
0.00082016	529382
0.00087136	530402
0.00092256	528336
0.00097376	527882
0.00102496	523398
0.00107616	525156
0.00112736	525981
0.00117856	523588
0.00122976	519455
0.00128096	517282
0.00133216	515842
0.00138336	513949
0.00143456	510768
0.00148576	503356
0.00153696	503347
0.00158816	503550
0.00163936	503019
0.00169056	499131
0.00174176	497493
0.00179296	496132
0.00184416	500404
0.00189536	503887
0.00194656	503628
0.00199776	502948
0.00204896	503708
0.00210016	530160
0.00215136	551482
0.00220256	561087
0.00225376	569120
0.00230496	579435
0.00235616	580689
0.00240736	582589
0.00245856	581669
0.00250976	580082
0.00256096	577022
0.00261216	577769
0.00266336	579590
0.00271456	574959
0.00276576	574233
0.00281696	570550
0.00286816	572250
0.00291936	575311
0.00297056	571533
0.00302176	569048
0.00307296	569117
0.00312416	567109
0.00317536	566581
0.00322656	569621
0.00327776	581484
0.00332896	582069
0.00338016	578066
0.00343136	577361
0.00348256	580199
0.00353376	576358
0.00358496	573585
0.00363616	570853
0.00368736	573706
0.00373856	594267
0.00378976	600379
0.00384096	600627
0.00389216	600577
0.00394336	596946
0.00399456	593126
0.00404576	596588
0.00409696	594475
0.00414816	592347
0.00419936	591550
0.00425056	592482
0.00430176	594363
0.00435296	589112
0.00440416	589052
0.00445536	591250
0.00450656	616329
0.00455776	624641
0.00460896	624932
0.00466016	627844
0.00471136	632743
0.00476256	661743
0.00481376	664664
0.00486496	670314
0.00491616	664540
0.00496736	663294
0.00501856	661170
0.00506976	660412
0.00512096	654601
0.00517216	651508
0.00522336	646558
0.00527456	643212
0.00532576	638623
0.00537696	637200
0.00542816	644320
0.00547936	652034
0.00553056	649510
0.00558176	658501
0.00563296	657753
0.00568416	649542
0.00573536	641254
0.00578656	639577
0.00583776	632415
0.00588896	626510
0.00594016	626071
0.00632064	669611
0.00637184	647745
0.00642304	640009
0.00647424	633977
0.00652544	627597
0.00657664	623553
0.00662784	617704
0.00667904	612228
0.00673024	603285
0.00678144	603257
0.00683264	592354
0.00688384	591226
0.00693504	586240
0.00698624	582645
0.00703744	577739
0.00708864	568808
0.00713984	584404
0.00719104	593217
0.00724224	594318
0.00729344	592717
0.00734464	584519
0.00739584	582936
0.00744704	580485
0.00749824	575466
0.00754944	570291
0.00760064	572008
0.00765184	650536
0.00770304	684482
0.00775424	687912
0.00780544	683823
0.00785664	682767
0.00790784	678299
0.00795904	672373
0.00801024	664294
0.00806144	665234
0.00811264	657783
0.00816384	651623
0.00821504	649550
0.00826624	643304
0.00831744	639577
0.00836864	632217
0.00841984	623932
0.00847104	618682
0.00852224	613041
0.00857344	611441
0.00862464	606136
0.00867584	601653
0.00872704	596680
0.00877824	591676
0.00882944	585855
0.00888064	580833
0.00893184	577642
0.00898304	573000
0.00903424	565511
0.00908544	556870
0.00913664	553243
0.00918784	552617
0.00923904	543635
0.00929024	539884
0.00934144	533563
0.00939264	533637
0.00944384	526327
0.00949504	522810
0.00954624	518271
0.00959744	516091
0.00964864	514663
0.00969984	511712
0.00975104	552781
0.00980224	574813
0.00985344	579434
0.00990464	574032
0.00995584	570300
0.010007	565926
0.0100582	559179
0.0101094	551987
0.0101606	549048
0.0102118	546207
0.010263	545063
0.0103142	537180
0.0103654	537156
0.0104166	528567
0.0104678	519662
0.010519	518839
0.0105702	511712
0.0106214	506189
0.0106726	504533
0.0107238	496716
0.010775	491255
0.0108262	484884
0.0108774	482521
0.0109286	479747
0.0109798	473349
0.011031	469033
0.0110822	462857
0.0111334	455196
0.0111846	449342
0.0112358	441647
0.011287	434770
0.0113382	429468
0.0113894	422886
0.0114406	412733
0.0114918	398516
0.011543	387598
0.0120946	886
0.0120949	928
0.0120951	874
0.0120954	871
0.0120956	804
0.0120958	954
0.0120961	885
0.0120963	887
0.0120966	800
0.0120968	837
0.012097	883
0.0120973	874
0.0120975	828
0.0120978	871
0.012098	908
0.0120982	826
0.0120985	850
0.0120987	858
0.012099	896
0.0120992	862
0.0120994	835
0.0120997	857
0.0120999	771
0.0121002	882
0.0121004	897
0.0121006	848
0.0121009	784
0.0121011	963
0.0121014	865
0.0121016	813
0.0121018	929
0.0121021	833
0.0121023	860
0.0121026	936
0.0121028	862
0.012103	781
0.0121033	888
0.0121035	889
0.0121038	926
0.012104	882
0.0121042	821
0.0121045	848
0.0121047	867
0.012105	804
0.0121052	874
0.0121054	916
0.0121057	852
0.0121059	982
0.0121062	845
0.0121064	773
0.0121066	868
0.0121069	940
0.0121071	880
0.0121074	906
0.0121076	802
0.0121078	877
0.0121081	810
0.0121083	755
0.0121086	747
0.0121088	815
0.012109	890
0.0121093	878
0.0121095	945
0.0121098	793
0.01211	793
0.0121102	811
0.0121105	835
0.0121107	797
0.012111	794
0.0121112	811
0.0121114	740
0.0121117	830
0.0121119	935
0.0121122	6939
0.0121124	43907
0.0121126	89605
0.0121129	64254
0.0121131	48002
0.0121134	56333
0.0121136	58053
0.0121138	52602
0.0121141	54394
0.0121143	48235
0.0121146	37826
0.0121148	32580
0.012115	28799
0.0121153	24257
0.0121155	21020
0.0121158	21763
0.012116	19252
0.0121162	14752
0.0121165	12442
0.0121167	16418
0.012117	18652
0.0121172	18032
0.0121174	17210
0.0121177	15112
0.0121179	13087
0.0121182	11264
0.0121184	10308
0.0121186	8464
0.0121189	11068
0.0121191	15901
0.0121194	16097
0.0121196	14892
0.0121198	14559
0.0121201	13952
0.0121203	13961
0.0121206	13545
0.0121208	13496
0.012121	12994
0.0121213	12332
0.0121215	12250
0.0121218	12600
0.012122	12301
0.0121222	12402
0.0121225	12129
0.0121227	12016
0.012123	11720
0.0121232	11918
0.0121234	11861
0.0121237	11965
0.0121239	11567
0.0121242	11388
0.0121244	11404
0.0121246	10935
0.0121249	11077
0.0121251	10751
0.0121254	10587
0.0121256	10928
0.0121258	11128
0.0121261	10963
0.0121263	10730
0.0121266	10522
0.0121268	10170
0.012127	10423
0.0121273	10339
0.0121275	8943
0.0121278	9367
0.012128	10387
0.0121282	10495
0.0121285	10489
0.0121287	10180
0.012129	10221
0.0121292	10324
0.0121294	9849
0.0121297	9978
0.0121299	9895
0.0121302	9533
0.0121304	9738
0.0121306	9430
0.0121309	9807
0.0121311	9706
0.0121314	9614
0.0121316	9639
0.0121318	9462
0.0121321	9492
0.0121323	9408
0.0121326	9210
0.0121328	9136
0.012133	9487
0.0121333	9608
0.0121335	9072
0.0121338	9490
0.012134	9232
0.0121342	9340
0.0121345	9309
0.0121347	9535
0.012135	9108
0.0121352	8866
0.0121354	8931
0.0121357	8534
0.0121359	7993
0.0121362	8657
0.0121364	8981
0.0121366	8805
0.0121369	8885
0.0121371	8907
0.0121374	8973
0.0121376	9207
0.0121378	8849
0.0121381	9129
0.0121383	9337
0.0121386	9015
0.0121388	8944
0.012139	8372
0.0121393	8670
0.0121395	8553
0.0121398	8721
0.01214	8210
0.0121402	8468
0.0121405	8155
0.0121407	7532
0.012141	7464
0.0121412	8311
0.0121414	8190
0.0121417	8400
0.0121419	8122
0.0121422	8436
0.0121424	8214
0.0121426	8240
0.0121429	7929
0.0121431	8185
0.0121434	8093
0.0121436	7973
0.0121438	8274
0.0121441	8131
0.0121443	8331
0.0121446	7976
0.0121448	7912
0.012145	7842
0.0121453	7910
0.0121455	7783
0.0121458	8036
0.012146	7779
0.0121462	7851
0.0121465	8043
0.0121467	8011
0.012147	7909
0.0121472	7981
0.0121474	7784
0.0121477	7607
0.0121479	7718
0.0121482	7773
0.0121484	7628
0.0121486	7505
0.0121489	7775
0.0121491	7788
0.0121494	7569
0.0121496	7468
0.0121498	7561
0.0121501	7782
0.0121503	7944
0.0121506	7885
0.0121508	7474
0.012151	7519
0.0121513	7431
0.0121515	7482
0.0121518	7650
0.012152	7195
0.0121522	7454
0.0121525	7316
0.0121527	7607
0.012153	7457
0.0121532	7266
0.0121534	7172
0.0121537	7581
0.0121539	7577
0.0121542	7861
0.0121544	7470
0.0121546	7433
0.0121549	7133
0.0121551	7269
0.0121554	7398
0.0121556	7419
0.0121558	7332
0.0121561	7270
0.0121563	7380
0.0121566	7336
0.0121568	7122
0.012157	7328
0.0121573	7350
0.0121575	7282
0.0121578	7266
0.012158	7505
0.0121582	7226
0.0121585	7605
0.0121587	7260
0.012159	7381
0.0121592	7244
0.0121594	7429
0.0121597	7247
0.0121599	6887
0.0121602	6882
0.0121604	7019
0.0121606	7313
0.0121609	7438
0.0121611	7616
0.0121614	7158
0.0121616	6952
0.0121618	7215
0.0121621	7148
0.0121623	7109
0.0121626	6851
0.0121628	6912
0.012163	6767
0.0121633	6889
0.0121635	6899
0.0121638	6759
0.012164	6846
0.0121642	7009
0.0121645	6949
0.0121647	6880
0.012165	7112
0.0121652	6889
0.0121654	7006
0.0121657	6728
0.0121659	6792
0.0121662	6948
0.0121664	6766
0.0121666	6851
0.0121669	6636
0.0121671	6529
0.0121674	6540
0.0121676	6646
0.0121678	6929
0.0121681	6748
0.0121683	6714
0.0121686	6679
0.0121688	6573
0.012169	6660
0.0121693	6618
0.0121695	6785
0.0121698	6753
0.01217	7034
0.0121702	6715
0.0121705	6835
0.0121707	6821
0.012171	6690
0.0121712	6349
0.0121714	6488
0.0121717	6558
0.0121719	6474
0.0121722	6922
0.0121724	6569
0.0121726	6828
0.0121729	6689
0.0121731	6702
0.0121734	6676
0.0121736	6744
0.0121738	6253
0.0121741	6604
0.0121743	6381
0.0121746	5988
0.0121748	6378
0.012175	6099
0.0121753	5998
0.0121755	6063
0.0121758	6199
0.012176	6085
0.0121762	6081
0.0121765	5995
0.0121767	5916
0.012177	6182
0.0121772	6327
0.0121774	6274
0.0121777	6529
0.0121779	6524
0.0121782	6498
0.0121784	6520
0.0121786	6190
0.0121789	6387
0.0121791	6318
0.0121794	6580
0.0121796	6359
0.0121798	6340
0.0121801	6134
0.0121803	6421
0.0121806	6468
0.0121808	6247
0.012181	6476
0.0121813	6295
0.0121815	6356
0.0121818	6354
0.012182	6513
0.0121822	6386
0.0121825	6454
0.0121827	6533
0.012183	6439
0.0121832	6392
0.0121834	6225
0.0121837	6065
0.0121839	6398
0.0121842	6271
0.0121844	6382
0.0121846	6393
0.0121849	6425
0.0121851	6212
0.0121854	6217
0.0121856	6318
0.0121858	6321
0.0121861	6401
0.0121863	6270
0.0121866	6478
0.0121868	6339
0.012187	6138
0.0121873	6429
0.0121875	6362
0.0121878	6503
0.012188	6460
0.0121882	6325
0.0121885	6623
0.0121887	6285
0.012189	6258
0.0121892	6340
0.0121894	5918
0.0121897	6136
0.0121899	6233
0.0121902	6218
0.0121904	6110
0.0121906	6139
0.0121909	6265
0.0121911	6219
0.0121914	6073
0.0121916	5889
0.0121918	5982
0.0121921	6041
0.0121923	6187
0.0121926	6373
0.0121928	6182
0.012193	6280
0.0121933	6058
0.0121935	6236
0.0121938	6099
0.012194	6254
0.0121942	6078
0.0121945	5988
0.0121947	6159
0.012195	6106
0.0121952	6089
0.0121954	6175
0.0121957	6377
0.0121959	5899
0.0121962	5970
0.0121964	5998
0.0121966	6121
0.0121969	6057
0.0121971	6241
0.0121974	6140
0.0121976	6155
0.0121978	6067
0.0121981	6218
0.0121983	6216
0.0121986	6041
0.0121988	6037
0.012199	6013
0.0121993	6020
0.0121995	6133
0.0121998	6036
0.0122	6085
0.0122002	6211
0.0122005	6220
0.0122007	5894
0.012201	5767
0.0122012	6100
0.0122014	5906
0.0122017	6041
0.0122019	5973
0.0122022	5919
0.0122024	5892
0.0122026	5891
0.0122029	5781
0.0122031	6047
0.0122034	5606
0.0122036	5744
0.0122038	5908
0.0122041	5968
0.0122043	5829
0.0122046	5946
0.0122048	5884
0.012205	5800
0.0122053	5731
0.0122055	5995
0.0122058	5874
0.012206	5742
0.0122062	5941
0.0122065	5890
0.0122067	5861
0.012207	5903
0.0122072	5888
0.0122074	5965
0.0122077	6108
0.0122079	5912
0.0122082	5725
0.0122084	5749
0.0122086	5928
0.0122089	6021
0.0122091	5648
0.0122094	5577
0.0122096	5853
0.0122098	5710
0.0122101	5723
0.0122103	5773
0.0122106	5736
0.0122108	5748
0.012211	5592
0.0122113	5712
0.0122115	6000
0.0122118	5823
0.012212	5897
0.0122122	5851
0.0122125	5887
0.0122127	5765
0.012213	5865
0.0122132	5795
0.0122134	5948
0.0122137	5551
0.0122139	5628
0.0122142	5855
0.0122144	5850
0.0122146	5800
0.0122149	5840
0.0122151	5924
0.0122154	5836
0.0122156	5552
0.0122158	5786
0.0122161	5899
0.0122163	5849
0.0122166	5961
0.0122168	5845
0.012217	5669
0.0122173	5655
0.0122175	5799
0.0122178	5888
0.012218	5906
0.0122182	6166
0.0122185	5810
0.0122187	5764
0.012219	5775
0.0122192	5718
0.0122194	5867
0.0122197	5856
0.0122199	5695
0.0122202	5522
0.0122204	5743
0.0122206	5970
0.0122209	5975
0.0122211	5810
0.0122214	5689
0.0122216	5494
0.0122218	5500
0.0122221	5680
0.0122223	5594
0.0122226	5619
0.0122228	5726
0.012223	5700
0.0122233	5617
0.0122235	5628
0.0122238	5730
0.012224	5560
0.0122242	5570
0.0122245	5577
0.0122247	5776
0.012225	5586
0.0122252	5653
0.0122254	5563
0.0122257	5572
0.0122259	5583
0.0122262	5557
0.0122264	5563
0.0122266	5458
0.0122269	5628
0.0122271	5663
0.0122274	5505
0.0122276	5473
0.0122278	5793
0.0122281	5722
0.0122283	5672
0.0122286	5677
0.0122288	5718
0.012229	5684
0.0122293	5480
0.0122295	5556
0.0122298	5709
0.01223	5632
0.0122302	5666
0.0122305	5330
0.0122307	5635
0.012231	5530
0.0122312	5707
0.0122314	5518
0.0122317	5598
0.0122319	5716
0.0122322	5372
0.0122324	5404
0.0122326	5556
0.0122329	5424
0.0122331	5590
0.0122334	5427
0.0122336	5505
0.0122338	5583
0.0122341	5880
0.0122343	5551
0.0122346	5467
0.0122348	5338
0.012235	5364
0.0122353	5601
0.0122355	5632
0.0122358	5289
0.012236	5323
0.0122362	5460
0.0122365	5458
0.0122367	5573
0.012237	5554
0.0122372	5408
0.0122374	5594
0.0122377	5563
0.0122379	5255
0.0122382	5472
0.0122384	5284
0.0122386	5441
0.0122389	5593
0.0122391	5492
0.0122394	5543
0.0122396	5353
0.0122398	5422
0.0122401	5408
0.0122403	5541
0.0122406	5327
0.0122408	5318
0.012241	5516
0.0122413	5472
0.0122415	5404
0.0122418	5637
0.012242	5419
0.0122422	5311
0.0122425	5338
0.0122427	5417
0.012243	5473
0.0122432	5195
0.0122434	5572
0.0122437	5289
0.0122439	5594
0.0122442	5340
0.0122444	5506
0.0122446	5425
0.0122449	5364
0.0122451	5457
0.0122454	5270
0.0122456	5219
0.0122458	5190
0.0122461	5330
0.0122463	5470
0.0122466	5319
0.0122468	5513
0.012247	5423
0.0122473	5279
0.0122475	5176
0.0122478	5150
0.012248	5205
0.0122482	5334
0.0122485	5452
0.0122487	5583
0.012249	5313
0.0122492	5274
0.0122494	5306
0.0122497	5151
0.0122499	5308
0.0122502	5180
0.0122504	5331
0.0122506	5090
0.0122509	5437
0.0122511	5292
0.0122514	5179
0.0122516	5283
0.0122518	5367
0.0122521	5238
0.0122523	5351
0.0122526	5204
0.0122528	5083
0.012253	5315
0.0122533	5150
0.0122535	5344
0.0122538	5246
0.012254	5240
0.0122542	5451
0.0122545	5224
0.0122547	5251
0.012255	5312
0.0122552	5230
0.0122554	5051
0.0122557	5332
0.0122559	5174
0.0122562	5274
0.0122564	5388
0.0122566	5216
0.0122569	5142
0.0122571	5313
0.0122574	5267
0.0122576	5389
0.0122578	5313
0.0122581	4952
0.0122583	4962
0.0122586	5159
0.0122588	5282
0.012259	5172
0.0122593	5096
0.0122595	5080
0.0122598	5319
0.01226	5327
0.0122602	5228
0.0122605	5315
0.0122607	5256
0.012261	5392
0.0122612	5208
0.0122614	5131
0.0122617	5208
0.0122619	5090
0.0122622	4973
0.0122624	5236
0.0122626	5210
0.0122629	5158
0.0122631	5325
0.0122634	5188
0.0122636	5285
0.0122638	5384
0.0122641	5017
0.0122643	5118
0.0122646	5339
0.0122648	5020
0.012265	5200
0.0122653	5194
0.0122655	5048
0.0122658	4867
0.012266	5319
0.0122662	5134
0.0122665	5054
0.0122667	5113
0.012267	5000
0.0122672	5284
0.0122674	5137
0.0122677	5049
0.0122679	5087
0.0122682	4872
0.0122684	5218
0.0122686	5155
0.0122689	5075
0.0122691	5188
0.0122694	5218
0.0122696	5068
0.0122698	5021
0.0122701	5195
0.0122703	5015
0.0122706	5219
0.0122708	5027
0.012271	5327
0.0122713	5231
0.0122715	5047
0.0122718	5285
0.012272	5218
0.0122722	5150
0.0122725	4920
0.0122727	5186
0.012273	5181
0.0122732	5172
0.0122734	4930
0.0122737	5288
0.0122739	5246
0.0122742	5235
0.0122744	4816
0.0122746	5179
0.0122749	5175
0.0122751	5152
0.0122754	5106
0.0122756	4900
0.0122758	5123
0.0122761	5081
0.0122763	4987
0.0122766	4798
0.0122768	5084
0.012277	4871
0.0122773	4944
0.0122775	4975
0.0122778	5113
0.012278	4930
0.0122782	5130
0.0122785	5045
0.0122787	5119
0.012279	5175
0.0122792	4967
0.0122794	5183
0.0122797	5208
0.0122799	5040
0.0122802	4770
0.0122804	5035
0.0122806	4961
0.0122809	5139
0.0122811	4945
0.0122814	4930
0.0122816	4981
0.0122818	5043
0.0122821	5038
0.0122823	4944
0.0122826	4977
0.0122828	4858
0.012283	4855
0.0122833	4945
0.0122835	5167
0.0122838	5251
0.012284	4991
0.0122842	4836
0.0122845	4986
0.0122847	5026
0.012285	4671
0.0122852	4877
0.0122854	5016
0.0122857	4897
0.0122859	4774
0.0122862	4874
0.0122864	5011
0.0122866	4815
0.0122869	4991
0.0122871	4946
0.0122874	4983
0.0122876	4977
0.0122878	4741
0.0122881	4910
0.0122883	4760
0.0122886	4876
0.0122888	4818
0.012289	4893
0.0122893	4986
0.0122895	4827
0.0122898	4969
0.01229	4930
0.0122902	4852
0.0122905	4987
0.0122907	4820
0.012291	5062
0.0122912	4816
0.0122914	4984
0.0122917	4968
0.0122919	5009
0.0122922	4937
0.0122924	4733
0.0122926	4740
0.0122929	4879
0.0122931	4968
0.0122934	5010
0.0122936	5023
0.0122938	5073
0.0122941	4802
0.0122943	5035
0.0122946	4881
0.0122948	4619
0.012295	4833
0.0122953	4917
0.0122955	4815
0.0122958	4630
0.012296	4839
0.0122962	4847
0.0122965	4705
0.0122967	4712
0.012297	4914
0.0122972	4950
0.0122974	4873
0.0122977	5049
0.0122979	4941
0.0122982	5042
0.0122984	4801
0.0122986	4831
0.0122989	4918
0.0122991	4695
0.0122994	5042
0.0122996	4821
0.0122998	4550
0.0123001	4970
0.0123003	4871
0.0123006	4822
0.0123008	4813
0.012301	5114
0.0123013	4880
0.0123015	4840
0.0123018	4853
0.012302	4959
0.0123022	4827
0.0123025	4703
0.0123027	4832
0.012303	5078
0.0123032	4851
0.0123034	4496
0.0123037	4955
0.0123039	4780
0.0123042	4877
0.0123044	4966
0.0123046	5042
0.0123049	4906
0.0123051	4767
0.0123054	4942
0.0123056	4857
0.0123058	4720
0.0123061	4811
0.0123063	4987
0.0123066	4879
0.0123068	4919
0.012307	4711
0.0123073	4901
0.0123075	5086
0.0123078	5014
0.012308	4835
0.0123082	4938
0.0123085	4888
0.0123087	4890
0.012309	4932
0.0123092	4909
0.0123094	4740
0.0123097	4787
0.0123099	4662
0.0123102	4682
0.0123104	4877
0.0123106	5041
0.0123109	4848
0.0123111	4661
0.0123114	4714
0.0123116	4927
0.0123118	4833
0.0123121	5091
0.0123123	4843
0.0123126	4879
0.0123128	4712
0.012313	4768
0.0123133	4841
0.0123135	4846
0.0123138	4810
0.012314	4526
0.0123142	4869
0.0123145	4609
0.0123147	4786
0.012315	4792
0.0123152	4600
0.0123154	4640
0.0123157	4638
0.0123159	4702
0.0123162	4818
0.0123164	4661
0.0123166	4550
0.0123169	4740
0.0123171	4699
0.0123174	4819
0.0123176	4703
0.0123178	4699
0.0123181	4676
0.0123183	4680
0.0123186	4668
0.0123188	4814
0.012319	4633
0.0123193	4659
0.0123195	4739
0.0123198	4780
0.01232	4638
0.0123202	4763
0.0123205	4648
0.0123207	4739
0.012321	4752
0.0123212	4616
0.0123214	4668
0.0123217	4651
0.0123219	4742
0.0123222	4886
0.0123224	4835
0.0123226	4549
0.0123229	4691
0.0123231	4715
0.0123234	4651
0.0123236	4590
0.0123238	4872
0.0123241	4742
0.0123243	4742
0.0123246	4622
0.0123248	4848
0.012325	4448
0.0123253	4476
0.0123255	4848
0.0123258	4603
0.012326	4466
0.0123262	4395
0.0123265	4309
0.0123267	4369
0.012327	4282
0.0123272	4466
0.0123274	4605
0.0123277	4566
0.0123279	4651
0.0123282	4610
0.0123284	4658
0.0123286	4564
0.0123289	4432
0.0123291	4750
0.0123294	4618
0.0123296	4761
0.0123298	4667
0.0123301	4843
0.0123303	4639
0.0123306	4599
0.0123308	4649
0.012331	4629
0.0123313	4762
0.0123315	4999
0.0123318	4599
0.012332	4816
0.0123322	4689
0.0123325	4713
0.0123327	4536
0.012333	4585
0.0123332	4682
0.0123334	4684
0.0123337	4310
0.0123339	4746
0.0123342	4708
0.0123344	4543
0.0123346	4550
0.0123349	4649
0.0123351	4721
0.0123354	4613
0.0123356	4595
0.0123358	4437
0.0123361	4732
0.0123363	4668
0.0123366	4650
0.0123368	4624
0.012337	4429
0.0123373	4616
0.0123375	4634
0.0123378	4723
0.012338	4656
0.0123382	4691
0.0123385	4406
0.0123387	4633
0.012339	4618
0.0123392	4661
0.0123394	4688
0.0123397	4581
0.0123399	4407
0.0123402	4607
0.0123404	4595
0.0123406	4458
0.0123409	4409
0.0123411	4661
0.0123414	4697
0.0123416	4352
0.0123418	4408
0.0123421	4600
0.0123423	4730
0.0123426	4691
0.0123428	4789
0.012343	4601
0.0123433	4568
0.0123435	4481
0.0123438	4446
0.012344	4569
0.0123442	4840
0.0123445	4579
0.0123447	4665
0.012345	4622
0.0123452	4478
0.0123454	4674
0.0123457	4774
0.0123459	4439
0.0123462	4558
0.0123464	4534
0.0123466	4478
0.0123469	4509
0.0123471	4478
0.0123474	4408
0.0123476	4472
0.0123478	4426
0.0123481	4403
0.0123483	4652
0.0123486	4777
0.0123488	4558
0.012349	4607
0.0123493	4606
0.0123495	4423
0.0123498	4531
0.01235	4801
0.0123502	4612
0.0123505	4680
0.0123507	4435
0.012351	4461
0.0123512	4455
0.0123514	4440
0.0123517	4306
0.0123519	4707
0.0123522	4740
0.0123524	4510
0.0123526	4439
0.0123529	4300
0.0123531	4488
0.0123534	4419
0.0123536	4428
0.0123538	4602
0.0123541	4318
0.0123543	4619
0.0123546	4678
0.0123548	4736
0.012355	4358
0.0123553	4597
0.0123555	4475
0.0123558	4441
0.012356	4564
0.0123562	4566
0.0123565	4497
0.0123567	4441
0.012357	4514
0.0123572	4580
0.0123574	4596
0.0123577	4455
0.0123579	4589
0.0123582	4560
0.0123584	4548
0.0123586	4640
0.0123589	4470
0.0123591	4399
0.0123594	4415
0.0123596	4293
0.0123598	4200
0.0123601	4263
0.0123603	4395
0.0123606	4407
0.0123608	4277
0.012361	4211
0.0123613	4396
0.0123615	4291
0.0123618	4518
0.012362	4331
0.0123622	4394
0.0123625	4204
0.0123627	4328
0.012363	4225
0.0123632	4091
0.0123634	3838
0.0123637	3678
0.0123639	3480
0.0123642	3339
0.0123644	3205
0.0123646	3058
0.0123649	3382
0.0123651	3583
0.0123654	3590
0.0123656	3694
0.0123658	4028
0.0123661	3979
0.0123663	4072
0.0123666	4505
0.0123668	4233
0.012367	4511
0.0123673	4198
0.0123675	4341
0.0123678	4332
0.012368	4157
0.0123682	4229
0.0123685	4250
0.0123687	4464
0.012369	4332
0.0123692	4246
0.0123694	4368
0.0123697	4462
0.0123699	4337
0.0123702	4365
0.0123704	4531
0.0123706	4126
0.0123709	4346
0.0123711	4276
0.0123714	4607
0.0123716	4516
0.0123718	4215
0.0123721	4449
0.0123723	4355
0.0123726	4475
0.0123728	4383
0.012373	4350
0.0123733	4450
0.0123735	4428
0.0123738	4308
0.012374	4334
0.0123742	4274
0.0123745	4484
0.0123747	4205
0.012375	4218
0.0123752	4426
0.0123754	4325
0.0123757	4344
0.0123759	4331
0.0123762	4406
0.0123764	4436
0.0123766	4389
0.0123769	4427
0.0123771	4531
0.0123774	4501
0.0123776	4248
0.0123778	4506
0.0123781	4219
0.0123783	4213
0.0123786	4374
0.0123788	4550
0.012379	4165
0.0123793	4390
0.0123795	4373
0.0123798	4476
0.01238	4421
0.0123802	4393
0.0123805	4554
0.0123807	4582
0.012381	4525
0.0123812	4359
0.0123814	4392
0.0123817	4277
0.0123819	4316
0.0123822	4285
0.0123824	4338
0.0123826	4358
0.0123829	4288
0.0123831	4568
0.0123834	4332
0.0123836	4373
0.0123838	4343
0.0123841	4298
0.0123843	4338
0.0123846	4391
0.0123848	4316
0.012385	4307
0.0123853	4318
0.0123855	4197
0.0123858	4342
0.012386	4367
0.0123862	4171
0.0123865	4268
0.0123867	4316
0.012387	4388
0.0123872	4263
0.0123874	4241
0.0123877	4411
0.0123879	4487
0.0123882	4228
0.0123884	4203
0.0123886	4369
0.0123889	4350
0.0123891	4404
0.0123894	4304
0.0123896	4303
0.0123898	4349
0.0123901	4426
0.0123903	4567
0.0123906	4249
0.0123908	4140
0.012391	4448
0.0123913	4329
0.0123915	4158
0.0123918	4295
0.012392	4345
0.0123922	4314
0.0123925	4269
0.0123927	4563
0.012393	4371
0.0123932	4189
0.0123934	4218
0.0123937	4370
0.0123939	4276
0.0123942	4149
0.0123944	4245
0.0123946	4067
0.0123949	4364
0.0123951	4352
0.0123954	4218
0.0123956	4452
0.0123958	4271
0.0123961	4166
0.0123963	4501
0.0123966	4256
0.0123968	4204
0.012397	4369
0.0123973	4368
0.0123975	4255
0.0123978	4195
0.012398	4217
0.0123982	4214
0.0123985	4390
0.0123987	4279
0.012399	4260
0.0123992	4275
0.0123994	4310
0.0123997	4210
0.0123999	4253
0.0124002	4157
0.0124004	4194
0.0124006	4209
0.0124009	4182
0.0124011	4294
0.0124014	4322
0.0124016	4128
0.0124018	4456
0.0124021	4261
0.0124023	4340
0.0124026	4159
0.0124028	4248
0.012403	4267
0.0124033	4372
0.0124035	4060
0.0124038	4354
0.012404	4313
0.0124042	4189
0.0124045	4165
0.0124047	4308
0.012405	4329
0.0124052	4357
0.0124054	4311
0.0124057	4454
0.0124059	4227
0.0124062	3881
0.0124064	4174
0.0124066	4294
0.0124069	4190
0.0124071	4213
0.0124074	3984
0.0124076	4128
0.0124078	3989
0.0124081	4176
0.0124083	3928
0.0124086	3968
0.0124088	3793
0.012409	3731
0.0124093	3510
0.0124095	3724
0.0124098	3703
0.01241	3483
0.0124102	3599
0.0124105	3751
0.0124107	3852
0.012411	3769
0.0124112	3884
0.0124114	3843
0.0124117	3881
0.0124119	3875
0.0124122	4062
0.0124124	4185
0.0124126	4128
0.0124129	4186
0.0124131	4136
0.0124134	4179
0.0124136	4137
0.0124138	4020
0.0124141	4221
0.0124143	4301
0.0124146	4177
0.0124148	4440
0.012415	4263
0.0124153	4038
0.0124155	4279
0.0124158	4439
0.012416	4186
0.0124162	4292
0.0124165	4134
0.0124167	4339
0.012417	4141
0.0124172	4179
0.0124174	4055
0.0124177	4137
0.0124179	4197
0.0124182	4221
0.0124184	4070
0.0124186	4236
0.0124189	4209
0.0124191	3942
0.0124194	4244
0.0124196	4095
0.0124198	4009
0.0124201	4007
0.0124203	4063
0.0124206	4116
0.0124208	4287
0.012421	4441
0.0124213	4294
0.0124215	4222
0.0124218	4100
0.012422	4092
0.0124222	4425
0.0124225	4253
0.0124227	4314
0.012423	3907
0.0124232	4400
0.0124234	4275
0.0124237	4169
0.0124239	4332
0.0124242	4202
0.0124244	3986
0.0124246	4235
0.0124249	4159
0.0124251	4450
0.0124254	4062
0.0124256	4335
0.0124258	4265
0.0124261	4237
0.0124263	4099
0.0124266	4118
0.0124268	4064
0.012427	4193
0.0124273	4427
0.0124275	4179
0.0124278	3969
0.012428	4195
0.0124282	4344
0.0124285	4218
0.0124287	4181
0.012429	4152
0.0124292	3987
0.0124294	4029
0.0124297	4177
0.0124299	4191
0.0124302	4206
0.0124304	4027
0.0124306	4308
0.0124309	4110
0.0124311	4007
0.0124314	4180
0.0124316	4131
0.0124318	4184
0.0124321	3948
0.0124323	4096
0.0124326	4247
0.0124328	3906
0.012433	4352
0.0124333	4042
0.0124335	4111
0.0124338	4158
0.012434	4301
0.0124342	4162
0.0124345	4176
0.0124347	4213
0.012435	4013
0.0124352	4112
0.0124354	4266
0.0124357	4086
0.0124359	4101
0.0124362	4087
0.0124364	4216
0.0124366	4242
0.0124369	4267
0.0124371	4083
0.0124374	4040
0.0124376	4043
0.0124378	4150
0.0124381	4210
0.0124383	4056
0.0124386	3987
0.0124388	4133
0.012439	4250
0.0124393	3973
0.0124395	4069
0.0124398	4234
0.01244	4120
0.0124402	4225
0.0124405	4107
0.0124407	4032
0.012441	4200
0.0124412	4059
0.0124414	4079
0.0124417	4102
0.0124419	4109
0.0124422	4017
0.0124424	4174
0.0124426	4103
0.0124429	4062
0.0124431	4154
0.0124434	4241
0.0124436	4100
0.0124438	4162
0.0124441	3850
0.0124443	4166
0.0124446	4152
0.0124448	3968
0.012445	3873
0.0124453	4033
0.0124455	4098
0.0124458	4132
0.012446	3972
0.0124462	4074
0.0124465	4047
0.0124467	3926
0.012447	4156
0.0124472	4207
0.0124474	4273
0.0124477	4100
0.0124479	4126
0.0124482	3949
0.0124484	3976
0.0124486	3959
0.0124489	3922
0.0124491	4158
0.0124494	4075
0.0124496	4012
0.0124498	4176
0.0124501	4137
0.0124503	3906
0.0124506	4175
0.0124508	4199
0.012451	3865
0.0124513	4200
0.0124515	3935
0.0124518	3868
0.012452	4059
0.0124522	4135
0.0124525	4169
0.0124527	4094
0.012453	4156
0.0124532	3874
0.0124534	3953
0.0124537	4141
0.0124539	4049
0.0124542	4116
0.0124544	3924
0.0124546	4336
0.0124549	4167
0.0124551	4093
0.0124554	4186
0.0124556	4162
0.0124558	3953
0.0124561	4111
0.0124563	4257
0.0124566	4050
0.0124568	4043
0.012457	4118
0.0124573	4209
0.0124575	4196
0.0124578	3964
0.012458	4136
0.0124582	4228
0.0124585	4060
0.0124587	4083
0.012459	4029
0.0124592	4159
0.0124594	4068
0.0124597	3978
0.0124599	4155
0.0124602	4053
0.0124604	4169
0.0124606	3923
0.0124609	4129
0.0124611	4171
0.0124614	4018
0.0124616	4036
0.0124618	3978
0.0124621	3934
0.0124623	3883
0.0124626	3954
0.0124628	3976
0.012463	4005
0.0124633	4210
0.0124635	4342
0.0124638	4139
0.012464	4008
0.0124642	4161
0.0124645	4166
0.0124647	4112
0.012465	4034
0.0124652	4026
0.0124654	4086
0.0124657	3987
0.0124659	4088
0.0124662	4177
0.0124664	4123
0.0124666	4063
0.0124669	3945
0.0124671	3973
0.0124674	4023
0.0124676	4161
0.0124678	4076
0.0124681	4227
0.0124683	4204
0.0124686	4180
0.0124688	3959
0.012469	4056
0.0124693	4081
0.0124695	4175
0.0124698	3884
0.01247	3867
0.0124702	3840
0.0124705	4175
0.0124707	4082
0.012471	3960
0.0124712	3908
0.0124714	4048
0.0124717	3986
0.0124719	3932
0.0124722	3984
0.0124724	3861
0.0124726	3968
0.0124729	4076
0.0124731	4204
0.0124734	4067
0.0124736	4001
0.0124738	4000
0.0124741	4157
0.0124743	4090
0.0124746	3967
0.0124748	4061
0.012475	4065
0.0124753	4059
0.0124755	4078
0.0124758	4001
0.012476	4044
0.0124762	3916
0.0124765	3963
0.0124767	4040
0.012477	3747
0.0124772	3875
0.0124774	3985
0.0124777	3960
0.0124779	3877
0.0124782	3920
0.0124784	3775
0.0124786	3851
0.0124789	4162
0.0124791	3990
0.0124794	3960
0.0124796	4071
0.0124798	4037
0.0124801	4011
0.0124803	4014
0.0124806	3937
0.0124808	4091
0.012481	3997
0.0124813	3846
0.0124815	4005
0.0124818	4068
0.012482	3948
0.0124822	3877
0.0124825	3991
0.0124827	4013
0.012483	4102
0.0124832	4003
0.0124834	4086
0.0124837	4122
0.0124839	3941
0.0124842	3955
0.0124844	3798
0.0124846	3761
0.0124849	3963
0.0124851	4000
0.0124854	3955
0.0124856	4090
0.0124858	3859
0.0124861	3823
0.0124863	3918
0.0124866	4109
0.0124868	3861
0.012487	4072
0.0124873	3971
0.0124875	3984
0.0124878	4028
0.012488	3813
0.0124882	4011
0.0124885	3989
0.0124887	3938
0.012489	4030
0.0124892	3914
0.0124894	3867
0.0124897	3992
0.0124899	3909
0.0124902	3896
0.0124904	4041
0.0124906	3961
0.0124909	3912
0.0124911	4078
0.0124914	3935
0.0124916	3961
0.0124918	3873
0.0124921	3769
0.0124923	3832
0.0124926	4028
0.0124928	3961
0.012493	3872
0.0124933	3875
0.0124935	3950
0.0124938	3602
0.012494	3827
0.0124942	3887
0.0124945	4063
0.0124947	4275
0.012495	3999
0.0124952	3853
0.0124954	3990
0.0124957	4063
0.0124959	3950
0.0124962	3935
0.0124964	3781
0.0124966	3915
0.0124969	4102
0.0124971	3740
0.0124974	3887
0.0124976	3986
0.0124978	4042
0.0124981	3965
0.0124983	3952
0.0124986	3884
0.0124988	3972
0.012499	4020
0.0124993	3706
0.0124995	3994
0.0124998	4058
0.0125	4012
0.0125002	3930
0.0125005	4076
0.0125007	4031
0.012501	3933
0.0125012	3902
0.0125014	3833
0.0125017	3739
0.0125019	3940
0.0125022	3862
0.0125024	3977
0.0125026	3900
0.0125029	4017
0.0125031	3980
0.0125034	3806
0.0125036	3929
0.0125038	3852
0.0125041	3977
0.0125043	3653
0.0125046	3818
0.0125048	3832
0.012505	4023
0.0125053	3929
0.0125055	3837
0.0125058	3929
0.012506	4053
0.0125062	3857
0.0125065	4031
0.0125067	4022
0.012507	3722
0.0125072	3898
0.0125074	3840
0.0125077	4023
0.0125079	4035
0.0125082	3935
0.0125084	3743
0.0125086	3855
0.0125089	3768
0.0125091	3911
0.0125094	4036
0.0125096	3905
0.0125098	3960
0.0125101	3858
0.0125103	3896
0.0125106	3852
0.0125108	3925
0.012511	3850
0.0125113	3770
0.0125115	3875
0.0125118	3779
0.012512	3913
0.0125122	3812
0.0125125	3874
0.0125127	3717
0.012513	3911
0.0125132	3982
0.0125134	3912
0.0125137	3756
0.0125139	3764
0.0125142	3843
0.0125144	3832
0.0125146	3941
0.0125149	3685
0.0125151	3799
0.0125154	4026
0.0125156	3887
0.0125158	3923
0.0125161	3873
0.0125163	3964
0.0125166	3802
0.0125168	3797
0.012517	3600
0.0125173	4082
0.0125175	3851
0.0125178	3836
0.012518	3852
0.0125182	3757
0.0125185	3864
0.0125187	3703
0.012519	4017
0.0125192	3746
0.0125194	3873
0.0125197	3804
0.0125199	3757
0.0125202	3770
0.0125204	3758
0.0125206	3821
0.0125209	3896
0.0125211	3992
0.0125214	4056
0.0125216	3818
0.0125218	3785
0.0125221	3827
0.0125223	3933
0.0125226	3986
0.0125228	3956
0.012523	3727
0.0125233	3931
0.0125235	3899
0.0125238	3872
0.012524	3771
0.0125242	3709
0.0125245	3811
0.0125247	3834
0.012525	4009
0.0125252	4053
0.0125254	3943
0.0125257	3906
0.0125259	3859
0.0125262	3886
0.0125264	3747
0.0125266	3856
0.0125269	3796
0.0125271	3932
0.0125274	3930
0.0125276	3781
0.0125278	3778
0.0125281	3992
0.0125283	3679
0.0125286	3903
0.0125288	3733
0.012529	3957
0.0125293	3799
0.0125295	4049
0.0125298	3962
0.01253	3900
0.0125302	3817
0.0125305	3954
0.0125307	3920
0.012531	3971
0.0125312	3753
0.0125314	3947
0.0125317	4000
0.0125319	4074
0.0125322	3772
0.0125324	3940
0.0125326	3767
0.0125329	3855
0.0125331	3859
0.0125334	3831
0.0125336	3923
0.0125338	3814
0.0125341	3660
0.0125343	3944
0.0125346	3831
0.0125348	3850
0.012535	3631
0.0125353	3888
0.0125355	3880
0.0125358	3938
0.012536	3902
0.0125362	3810
0.0125365	3740
0.0125367	4003
0.012537	3884
0.0125372	3829
0.0125374	3894
0.0125377	3872
0.0125379	3698
0.0125382	3837
0.0125384	3702
0.0125386	3821
0.0125389	3957
0.0125391	3725
0.0125394	3856
0.0125396	3788
0.0125398	3705
0.0125401	3914
0.0125403	3807
0.0125406	3776
0.0125408	3706
0.012541	3698
0.0125413	3678
0.0125415	3652
0.0125418	3851
0.012542	3778
0.0125422	3755
0.0125425	4032
0.0125427	3991
0.012543	3778
0.0125432	3696
0.0125434	3827
0.0125437	3892
0.0125439	3943
0.0125442	3721
0.0125444	3875
0.0125446	3935
0.0125449	3738
0.0125451	3674
0.0125454	3706
0.0125456	3685
0.0125458	3929
0.0125461	3800
0.0125463	3683
0.0125466	3889
0.0125468	3803
0.012547	3847
0.0125473	3920
0.0125475	3790
0.0125478	3806
0.012548	3858
0.0125482	3859
0.0125485	3659
0.0125487	3847
0.012549	3808
0.0125492	3768
0.0125494	3648
0.0125497	3860
0.0125499	3810
0.0125502	4035
0.0125504	3747
0.0125506	3897
0.0125509	3724
0.0125511	3652
0.0125514	4067
0.0125516	3922
0.0125518	3916
0.0125521	3910
0.0125523	3766
0.0125526	3615
0.0125528	3861
0.012553	3816
0.0125533	3768
0.0125535	3925
0.0125538	3838
0.012554	3858
0.0125542	3688
0.0125545	3817
0.0125547	3939
0.012555	3829
0.0125552	3683
0.0125554	3790
0.0125557	3862
0.0125559	3684
0.0125562	3625
0.0125564	3608
0.0125566	3961
0.0125569	3953
0.0125571	3956
0.0125574	3870
0.0125576	3738
0.0125578	3728
0.0125581	3713
0.0125583	3789
0.0125586	3792
0.0125588	3604
0.012559	3835
0.0125593	3555
0.0125595	3807
0.0125598	3794
0.01256	3818
0.0125602	3742
0.0125605	3875
0.0125607	3668
0.012561	3767
0.0125612	3804
0.0125614	3745
0.0125617	3661
0.0125619	3828
0.0125622	3842
0.0125624	3929
0.0125626	3661
0.0125629	3775
0.0125631	3824
0.0125634	3573
0.0125636	3648
0.0125638	3691
0.0125641	3659
0.0125643	3695
0.0125646	3800
0.0125648	3641
0.012565	3891
0.0125653	3800
0.0125655	3844
0.0125658	3806
0.012566	3938
0.0125662	3993
0.0125665	3860
0.0125667	3690
0.012567	3917
0.0125672	3727
0.0125674	3911
0.0125677	3677
0.0125679	3698
0.0125682	3697
0.0125684	3777
0.0125686	3683
0.0125689	3903
0.0125691	3615
0.0125694	3874
0.0125696	3850
0.0125698	3626
0.0125701	3618
0.0125703	3652
0.0125706	3800
0.0125708	3718
0.012571	3640
0.0125713	3632
0.0125715	3667
0.0125718	3690
0.012572	3819
0.0125722	3396
0.0125725	3739
0.0125727	3684
0.012573	3662
0.0125732	3457
0.0125734	3643
0.0125737	3592
0.0125739	3575
0.0125742	3492
0.0125744	3527
0.0125746	3573
0.0125749	3554
0.0125751	3503
0.0125754	3457
0.0125756	3449
0.0125758	3540
0.0125761	3344
0.0125763	3460
0.0125766	3374
0.0125768	3302
0.012577	3362
0.0125773	3186
0.0125775	3105
0.0125778	3289
0.012578	2922
0.0125782	2936
0.0125785	3134
0.0125787	3024
0.012579	2905
0.0125792	2908
0.0125794	2881
0.0125797	3037
0.0125799	3046
0.0125802	3012
0.0125804	2825
0.0125806	2943
0.0125809	2861
0.0125811	2990
0.0125814	2971
0.0125816	2767
0.0125818	2972
0.0125821	3136
0.0125823	3096
0.0125826	3378
0.0125828	3385
0.012583	3379
0.0125833	3215
0.0125835	3259
0.0125838	3217
0.012584	3166
0.0125842	3202
0.0125845	3341
0.0125847	3231
0.012585	3467
0.0125852	3595
0.0125854	3594
0.0125857	3527
0.0125859	3677
0.0125862	3586
0.0125864	3407
0.0125866	3574
0.0125869	3481
0.0125871	3629
0.0125874	3573
0.0125876	3593
0.0125878	3623
0.0125881	3596
0.0125883	3734
0.0125886	3895
0.0125888	3745
0.012589	3717
0.0125893	3665
0.0125895	3717
0.0125898	3672
0.01259	3768
0.0125902	3957
0.0125905	4013
0.0125907	3885
0.012591	3688
0.0125912	3617
0.0125914	3735
0.0125917	3879
0.0125919	3826
0.0125922	3973
0.0125924	3875
0.0125926	3872
0.0125929	3851
0.0125931	3871
0.0125934	3965
0.0125936	3917
0.0125938	3891
0.0125941	3915
0.0125943	3872
0.0125946	3884
0.0125948	4062
0.012595	3784
0.0125953	3774
0.0125955	3815
0.0125958	3846
0.012596	3778
0.0125962	3750
0.0125965	3577
0.0125967	3860
0.012597	3751
0.0125972	3877
0.0125974	3856
0.0125977	3772
0.0125979	3690
0.0125982	3627
0.0125984	3651
0.0125986	3821
0.0125989	3906
0.0125991	3746
0.0125994	3660
0.0125996	3593
0.0125998	3822
0.0126001	3886
0.0126003	3783
0.0126006	3667
0.0126008	3509
0.012601	3615
0.0126013	3699
0.0126015	3643
0.0126018	3687
0.012602	3670
0.0126022	3623
0.0126025	3950
0.0126027	3867
0.012603	4003
0.0126032	3638
0.0126034	3764
0.0126037	3457
0.0126039	3717
0.0126042	3671
0.0126044	3612
0.0126046	3815
0.0126049	3650
0.0126051	3711
0.0126054	3693
0.0126056	3920
0.0126058	3801
0.0126061	3807
0.0126063	3639
0.0126066	3592
0.0126068	3651
0.012607	3661
0.0126073	3658
0.0126075	3792
0.0126078	3902
0.012608	3709
0.0126082	3822
0.0126085	3719
0.0126087	3707
0.012609	3485
0.0126092	3813
0.0126094	3521
0.0126097	3506
0.0126099	3801
0.0126102	3440
0.0126104	3610
0.0126106	3549
0.0126109	3658
0.0126111	3442
0.0126114	3626
0.0126116	3619
0.0126118	3549
0.0126121	3624
0.0126123	3592
0.0126126	3632
0.0126128	3750
0.012613	3565
0.0126133	3543
0.0126135	3640
0.0126138	3576
0.012614	3578
0.0126142	3414
0.0126145	3444
0.0126147	3441
0.012615	3517
0.0126152	3664
0.0126154	3629
0.0126157	3459
0.0126159	3421
0.0126162	3778
0.0126164	3487
0.0126166	3543
0.0126169	3488
0.0126171	3447
0.0126174	3559
0.0126176	3436
0.0126178	3381
0.0126181	3403
0.0126183	3259
0.0126186	3368
0.0126188	3342
0.012619	3385
0.0126193	3390
0.0126195	3285
0.0126198	3234
0.01262	3068
0.0126202	3337
0.0126205	3228
0.0126207	3127
0.012621	3051
0.0126212	3194
0.0126214	3021
0.0126217	3128
0.0126219	3245
0.0126222	3020
0.0126224	3094
0.0126226	3257
0.0126229	2968
0.0126231	2888
0.0126234	3113
0.0126236	3015
0.0126238	2959
0.0126241	3160
0.0126243	3156
0.0126246	3246
0.0126248	3108
0.012625	3053
0.0126253	3086
0.0126255	3027
0.0126258	3082
0.012626	3023
0.0126262	3193
0.0126265	3141
0.0126267	3111
0.012627	2904
0.0126272	3160
0.0126274	3193
0.0126277	2880
0.0126279	3041
0.0126282	3192
0.0126284	3132
0.0126286	3191
0.0126289	3195
0.0126291	3177
0.0126294	3442
0.0126296	3303
0.0126298	3268
0.0126301	3461
0.0126303	3397
0.0126306	3571
0.0126308	3496
0.012631	3519
0.0126313	3472
0.0126315	3541
0.0126318	3339
0.012632	3494
0.0126322	3609
0.0126325	3516
0.0126327	3644
0.012633	3582
0.0126332	3608
0.0126334	3478
0.0126337	3619
0.0126339	3682
0.0126342	3517
0.0126344	3603
0.0126346	3640
0.0126349	3650
0.0126351	3649
0.0126354	3514
0.0126356	3488
0.0126358	3628
0.0126361	3766
0.0126363	3708
0.0126366	3463
0.0126368	3693
0.012637	3508
0.0126373	3553
0.0126375	3587
0.0126378	3741
0.012638	3734
0.0126382	3576
0.0126385	3618
0.0126387	3610
0.012639	3757
0.0126392	3670
0.0126394	3605
0.0126397	3460
0.0126399	3668
0.0126402	3787
0.0126404	3501
0.0126406	3658
0.0126409	3522
0.0126411	3694
0.0126414	3739
0.0126416	3693
0.0126418	3474
0.0126421	3573
0.0126423	3500
0.0126426	3623
0.0126428	3547
0.012643	3426
0.0126433	3711
0.0126435	3550
0.0126438	3720
0.012644	3743
0.0126442	3632
0.0126445	3704
0.0126447	3677
0.012645	3620
0.0126452	3745
0.0126454	3845
0.0126457	3500
0.0126459	3668
0.0126462	3707
0.0126464	3747
0.0126466	3736
0.0126469	3688
0.0126471	3638
0.0126474	3655
0.0126476	3612
0.0126478	3477
0.0126481	3567
0.0126483	3570
0.0126486	3588
0.0126488	3824
0.012649	3618
0.0126493	3546
0.0126495	3699
0.0126498	3619
0.01265	3612
0.0126502	3579
0.0126505	3759
0.0126507	3571
0.012651	3477
0.0126512	3665
0.0126514	3845
0.0126517	3473
0.0126519	3564
0.0126522	3811
0.0126524	3502
0.0126526	3427
0.0126529	3742
0.0126531	3668
0.0126534	3601
0.0126536	3619
0.0126538	3613
0.0126541	3547
0.0126543	3539
0.0126546	3709
0.0126548	3547
0.012655	3682
0.0126553	3513
0.0126555	3603
0.0126558	3772
0.012656	3599
0.0126562	3711
0.0126565	3715
0.0126567	3899
0.012657	3619
0.0126572	3634
0.0126574	3577
0.0126577	3565
0.0126579	3680
0.0126582	3463
0.0126584	3738
0.0126586	3697
0.0126589	3485
0.0126591	3707
0.0126594	3823
0.0126596	3615
0.0126598	3766
0.0126601	3492
0.0126603	3633
0.0126606	3523
0.0126608	3439
0.012661	3746
0.0126613	3731
0.0126615	3643
0.0126618	3455
0.012662	3640
0.0126622	3605
0.0126625	3630
0.0126627	3756
0.012663	3402
0.0126632	3701
0.0126634	3488
0.0126637	3583
0.0126639	3688
0.0126642	3640
0.0126644	3718
0.0126646	3590
0.0126649	3594
0.0126651	3771
0.0126654	3652
0.0126656	3553
0.0126658	3544
0.0126661	3499
0.0126663	3448
0.0126666	3438
0.0126668	3728
0.012667	3601
0.0126673	3836
0.0126675	3629
0.0126678	3705
0.012668	3585
0.0126682	3744
0.0126685	3733
0.0126687	3769
0.012669	3618
0.0126692	3547
0.0126694	3533
0.0126697	3644
0.0126699	3464
0.0126702	3652
0.0126704	3674
0.0126706	3710
0.0126709	3618
0.0126711	3370
0.0126714	3533
0.0126716	3528
0.0126718	3750
0.0126721	3505
0.0126723	3649
0.0126726	3698
0.0126728	3788
0.012673	3616
0.0126733	3550
0.0126735	3752
0.0126738	3571
0.012674	3809
0.0126742	3627
0.0126745	3611
0.0126747	3540
0.012675	3479
0.0126752	3571
0.0126754	3667
0.0126757	3809
0.0126759	3596
0.0126762	3593
0.0126764	3871
0.0126766	3804
0.0126769	3458
0.0126771	3915
0.0126774	3686
0.0126776	3551
0.0126778	3578
0.0126781	3605
0.0126783	3696
0.0126786	3684
0.0126788	3450
0.012679	3565
0.0126793	3594
0.0126795	3647
0.0126798	3631
0.01268	3648
0.0126802	3424
0.0126805	3622
0.0126807	3696
0.012681	3701
0.0126812	3493
0.0126814	3575
0.0126817	3460
0.0126819	3447
0.0126822	3427
0.0126824	3733
0.0126826	3673
0.0126829	3624
0.0126831	3511
0.0126834	3853
0.0126836	3792
0.0126838	3542
0.0126841	3478
0.0126843	3629
0.0126846	3537
0.0126848	3730
0.012685	3704
0.0126853	3798
0.0126855	3659
0.0126858	3380
0.012686	3612
0.0126862	3751
0.0126865	3528
0.0126867	3763
0.012687	3662
0.0126872	3509
0.0126874	3609
0.0126877	3827
0.0126879	3611
0.0126882	3547
0.0126884	3628
0.0126886	3616
0.0126889	3712
0.0126891	3709
0.0126894	3668
0.0126896	3698
0.0126898	3645
0.0126901	3629
0.0126903	3561
0.0126906	3533
0.0126908	3380
0.012691	3660
0.0126913	3641
0.0126915	3483
0.0126918	3538
0.012692	3789
0.0126922	3905
0.0126925	3500
0.0126927	3623
0.012693	3644
0.0126932	3514
0.0126934	3646
0.0126937	3542
0.0126939	3438
0.0126942	3612
0.0126944	3327
0.0131006	754119
0.0131518	741840
0.013203	737629
0.0132542	725351
0.0133054	722939
0.0133566	717985
0.0134078	720311
0.013459	713480
0.0135102	702670
0.0135614	691182
0.0136126	679599
0.0136638	671718
0.013715	662205
0.0137662	657339
0.0138174	649063
0.0138686	640586
0.0139198	631485
0.013971	616166
0.0140222	605629
0.0140734	595090
0.0141246	583783
0.0141758	572528
0.014227	563513
0.0142782	555849
0.0143294	547276
0.0143806	538075
0.0144318	534060
0.014483	528257
0.0145342	523633
0.0145854	522356
0.0146366	522078
0.0146878	522691
0.014739	526870
0.0147902	527133
0.0148414	534245
0.0148926	538183
0.0149438	545137
0.014995	552826
0.0150462	556910
0.0150974	560810
0.0151486	565774
0.0151998	570676
0.015251	575101
0.0153022	576234
0.0153534	580288
0.0154046	582327
0.0154558	584773
0.015507	593851
0.0155582	597948
0.0156094	602803
0.0156606	630137
0.0157118	643940
0.015763	656644
