9.6e-007	4689295
5.216e-005	4580372
0.00010336	4560988
0.00015456	4526625
0.00020576	4476288
0.00025696	4445735
0.00030816	4405287
0.00035936	4359215
0.00041056	4329415
0.00046176	4291294
0.00051296	4242596
0.00056416	4214716
0.00061536	4184579
0.00066656	4148473
0.00071776	4150068
0.00076896	4149647
0.00082016	4111434
0.00087136	4118078
0.00092256	4105853
0.00097376	4084878
0.00102496	4072914
0.00107616	4076141
0.00112736	4084255
0.00117856	4063726
0.00122976	4056007
0.00128096	4021965
0.00133216	4013010
0.00138336	3991504
0.00143456	3956662
0.00148576	3920742
0.00153696	3900111
0.00158816	3903090
0.00163936	3908656
0.00169056	3882785
0.00174176	3884933
0.00179296	3865049
0.00184416	3894884
0.00189536	3907764
0.00194656	3906096
0.00199776	3901685
0.00204896	3931517
0.00210016	4112322
0.00215136	4259112
0.00220256	4361300
0.00225376	4407491
0.00230496	4495300
0.00235616	4522628
0.00240736	4536373
0.00245856	4503375
0.00250976	4500654
0.00256096	4479068
0.00261216	4482448
0.00266336	4478507
0.00271456	4463773
0.00276576	4444167
0.00281696	4430144
0.00286816	4449326
0.00291936	4450386
0.00297056	4426822
0.00302176	4418149
0.00307296	4416259
0.00312416	4399679
0.00317536	4387995
0.00322656	4427814
0.00327776	4524652
0.00332896	4513565
0.00338016	4494527
0.00343136	4482548
0.00348256	4479504
0.00353376	4470209
0.00358496	4446102
0.00363616	4432225
0.00368736	4450254
0.00373856	4617757
0.00378976	4643758
0.00384096	4658416
0.00389216	4656577
0.00394336	4638483
0.00399456	4628855
0.00404576	4622030
0.00409696	4604568
0.00414816	4583210
0.00419936	4575812
0.00425056	4598353
0.00430176	4589317
0.00435296	4573823
0.00440416	4581403
0.00445536	4585250
0.00450656	4770241
0.00455776	4833934
0.00460896	4844447
0.00466016	4843641
0.00471136	4908079
0.00476256	5135459
0.00481376	5172778
0.00486496	5172501
0.00491616	5146631
0.00496736	5123895
0.00501856	5126776
0.00506976	5114175
0.00512096	5075768
0.00517216	5049017
0.00522336	5013029
0.00527456	4964525
0.00532576	4934852
0.00537696	4932877
0.00542816	5008509
0.00547936	5043146
0.00553056	5029352
0.00558176	5098334
0.00563296	5077295
0.00568416	5025478
0.00573536	4966303
0.00578656	4933122
0.00583776	4903628
0.00588896	4852583
0.00594016	4824044
0.00632064	5275917
0.00637184	5107782
0.00642304	5041938
0.00647424	4993752
0.00652544	4926438
0.00657664	4876242
0.00662784	4867522
0.00667904	4818548
0.00673024	4759234
0.00678144	4711568
0.00683264	4671466
0.00688384	4656562
0.00693504	4624629
0.00698624	4583656
0.00703744	4535307
0.00708864	4488100
0.00713984	4609413
0.00719104	4686411
0.00724224	4667716
0.00729344	4658604
0.00734464	4621045
0.00739584	4584728
0.00744704	4549784
0.00749824	4529028
0.00754944	4492712
0.00760064	4496090
0.00765184	5108172
0.00770304	5375427
0.00775424	5391017
0.00780544	5401224
0.00785664	5369718
0.00790784	5322447
0.00795904	5283579
0.00801024	5238955
0.00806144	5222383
0.00811264	5179412
0.00816384	5131664
0.00821504	5102020
0.00826624	5058379
0.00831744	5025113
0.00836864	4976741
0.00841984	4920784
0.00847104	4873401
0.00852224	4827596
0.00857344	4797981
0.00862464	4762871
0.00867584	4728670
0.00872704	4702770
0.00877824	4631321
0.00882944	4592125
0.00888064	4561734
0.00893184	4526471
0.00898304	4481021
0.00903424	4440468
0.00908544	4384470
0.00913664	4344086
0.00918784	4310208
0.00923904	4266546
0.00929024	4224335
0.00934144	4199738
0.00939264	4172971
0.00944384	4141682
0.00949504	4097668
0.00954624	4074675
0.00959744	4055689
0.00964864	4037915
0.00969984	4018039
0.00975104	4337389
0.00980224	4498657
0.00985344	4531850
0.00990464	4515673
0.00995584	4471457
0.010007	4426307
0.0100582	4377322
0.0101094	4339884
0.0101606	4310383
0.0102118	4298915
0.010263	4266335
0.0103142	4221788
0.0103654	4199736
0.0104166	4137830
0.0104678	4085025
0.010519	4058830
0.0105702	4015794
0.0106214	3976038
0.0106726	3946953
0.0107238	3914834
0.010775	3848325
0.0108262	3797752
0.0108774	3784352
0.0109286	3761420
0.0109798	3715553
0.011031	3662341
0.0110822	3605919
0.0111334	3565773
0.0111846	3509854
0.0112358	3459629
0.011287	3405333
0.0113382	3354536
0.0113894	3295076
0.0114406	3223589
0.0114918	3137517
0.011543	3029727
0.0120946	6637
0.0120949	6835
0.0120951	6594
0.0120954	6694
0.0120956	6560
0.0120958	6668
0.0120961	6561
0.0120963	6759
0.0120966	6529
0.0120968	6427
0.012097	6668
0.0120973	6507
0.0120975	6525
0.0120978	6413
0.012098	6467
0.0120982	6632
0.0120985	6595
0.0120987	6422
0.012099	6472
0.0120992	6291
0.0120994	6352
0.0120997	6504
0.0120999	6814
0.0121002	6231
0.0121004	6441
0.0121006	6535
0.0121009	6352
0.0121011	6578
0.0121014	6551
0.0121016	6615
0.0121018	6421
0.0121021	6527
0.0121023	6470
0.0121026	6711
0.0121028	6416
0.012103	6316
0.0121033	6435
0.0121035	6712
0.0121038	6732
0.012104	6619
0.0121042	6383
0.0121045	6499
0.0121047	6377
0.012105	6493
0.0121052	6660
0.0121054	6174
0.0121057	6481
0.0121059	6276
0.0121062	6523
0.0121064	6367
0.0121066	6196
0.0121069	6255
0.0121071	6329
0.0121074	6466
0.0121076	6531
0.0121078	6201
0.0121081	6246
0.0121083	6512
0.0121086	6620
0.0121088	6591
0.012109	6328
0.0121093	6523
0.0121095	6585
0.0121098	6366
0.01211	6319
0.0121102	6568
0.0121105	6292
0.0121107	6597
0.012111	6547
0.0121112	6528
0.0121114	6568
0.0121117	6621
0.0121119	6583
0.0121122	56360
0.0121124	336626
0.0121126	673252
0.0121129	485002
0.0121131	366096
0.0121134	435738
0.0121136	435876
0.0121138	399255
0.0121141	413223
0.0121143	364755
0.0121146	289205
0.0121148	248292
0.012115	216545
0.0121153	181823
0.0121155	158629
0.0121158	167205
0.012116	148741
0.0121162	112878
0.0121165	97749
0.0121167	125829
0.012117	142938
0.0121172	137544
0.0121174	128386
0.0121177	114398
0.0121179	98627
0.0121182	86590
0.0121184	78003
0.0121186	65472
0.0121189	87410
0.0121191	118208
0.0121194	124265
0.0121196	117434
0.0121198	108350
0.0121201	107757
0.0121203	106621
0.0121206	105200
0.0121208	101718
0.012121	101667
0.0121213	96461
0.0121215	94046
0.0121218	95825
0.012122	95536
0.0121222	94217
0.0121225	92735
0.0121227	91585
0.012123	90434
0.0121232	90650
0.0121234	89518
0.0121237	88863
0.0121239	87543
0.0121242	87047
0.0121244	86768
0.0121246	85025
0.0121249	83456
0.0121251	81377
0.0121254	83585
0.0121256	85527
0.0121258	83074
0.0121261	82631
0.0121263	81330
0.0121266	81799
0.0121268	80458
0.012127	79770
0.0121273	77351
0.0121275	70679
0.0121278	70803
0.012128	79030
0.0121282	80166
0.0121285	79731
0.0121287	78080
0.012129	77673
0.0121292	76829
0.0121294	75597
0.0121297	75040
0.0121299	73990
0.0121302	74584
0.0121304	74801
0.0121306	74279
0.0121309	74656
0.0121311	73978
0.0121314	73398
0.0121316	72646
0.0121318	72292
0.0121321	72377
0.0121323	71651
0.0121326	69884
0.0121328	69995
0.012133	69869
0.0121333	70318
0.0121335	69613
0.0121338	69696
0.012134	70640
0.0121342	70150
0.0121345	70436
0.0121347	69139
0.012135	69492
0.0121352	69331
0.0121354	68220
0.0121357	64898
0.0121359	62607
0.0121362	65985
0.0121364	67047
0.0121366	66624
0.0121369	66549
0.0121371	66349
0.0121374	66082
0.0121376	66937
0.0121378	67170
0.0121381	69105
0.0121383	70401
0.0121386	67406
0.0121388	66956
0.012139	65393
0.0121393	64488
0.0121395	64277
0.0121398	64221
0.01214	63659
0.0121402	62919
0.0121405	60809
0.0121407	56952
0.012141	57226
0.0121412	62218
0.0121414	62975
0.0121417	63739
0.0121419	63251
0.0121422	62976
0.0121424	62113
0.0121426	62916
0.0121429	62557
0.0121431	62169
0.0121434	61445
0.0121436	61924
0.0121438	61313
0.0121441	61357
0.0121443	60579
0.0121446	61166
0.0121448	59978
0.012145	60239
0.0121453	61131
0.0121455	60399
0.0121458	60377
0.012146	59933
0.0121462	60889
0.0121465	60112
0.0121467	60194
0.012147	60228
0.0121472	58543
0.0121474	58754
0.0121477	58238
0.0121479	58475
0.0121482	59104
0.0121484	58366
0.0121486	58530
0.0121489	58517
0.0121491	58750
0.0121494	57853
0.0121496	57801
0.0121498	57738
0.0121501	57169
0.0121503	57463
0.0121506	57624
0.0121508	57189
0.012151	57248
0.0121513	57834
0.0121515	56772
0.0121518	57257
0.012152	56887
0.0121522	56427
0.0121525	56595
0.0121527	56765
0.012153	56057
0.0121532	55876
0.0121534	55757
0.0121537	55996
0.0121539	56380
0.0121542	56099
0.0121544	56386
0.0121546	55557
0.0121549	55697
0.0121551	55524
0.0121554	55914
0.0121556	55625
0.0121558	55510
0.0121561	54905
0.0121563	55302
0.0121566	55118
0.0121568	54423
0.012157	54197
0.0121573	55100
0.0121575	54354
0.0121578	54070
0.012158	54105
0.0121582	54837
0.0121585	53906
0.0121587	54201
0.012159	53543
0.0121592	54700
0.0121594	53224
0.0121597	53852
0.0121599	54195
0.0121602	54359
0.0121604	53735
0.0121606	54307
0.0121609	56570
0.0121611	56689
0.0121614	53952
0.0121616	54111
0.0121618	53291
0.0121621	53377
0.0121623	52614
0.0121626	52973
0.0121628	52051
0.012163	52158
0.0121633	51819
0.0121635	52868
0.0121638	52321
0.012164	52443
0.0121642	52617
0.0121645	52823
0.0121647	51813
0.012165	52355
0.0121652	52559
0.0121654	51795
0.0121657	51986
0.0121659	51745
0.0121662	51936
0.0121664	51637
0.0121666	51257
0.0121669	50429
0.0121671	51056
0.0121674	50954
0.0121676	51166
0.0121678	50752
0.0121681	50889
0.0121683	50431
0.0121686	51002
0.0121688	51203
0.012169	50566
0.0121693	51494
0.0121695	50966
0.0121698	50646
0.01217	51206
0.0121702	51678
0.0121705	51062
0.0121707	50834
0.012171	51272
0.0121712	49874
0.0121714	50173
0.0121717	50235
0.0121719	49573
0.0121722	49445
0.0121724	49895
0.0121726	49891
0.0121729	49591
0.0121731	49278
0.0121734	49466
0.0121736	48781
0.0121738	49140
0.0121741	48593
0.0121743	48645
0.0121746	48110
0.0121748	47159
0.012175	46691
0.0121753	45975
0.0121755	45297
0.0121758	45844
0.012176	45997
0.0121762	45121
0.0121765	45421
0.0121767	46192
0.012177	47304
0.0121772	47276
0.0121774	47858
0.0121777	48634
0.0121779	48202
0.0121782	49090
0.0121784	48319
0.0121786	48050
0.0121789	48411
0.0121791	48204
0.0121794	48087
0.0121796	48231
0.0121798	48224
0.0121801	48468
0.0121803	48290
0.0121806	48666
0.0121808	48285
0.012181	48059
0.0121813	47877
0.0121815	47440
0.0121818	48941
0.012182	48268
0.0121822	48227
0.0121825	47245
0.0121827	47682
0.012183	47764
0.0121832	47255
0.0121834	47611
0.0121837	46995
0.0121839	47482
0.0121842	47064
0.0121844	47638
0.0121846	48126
0.0121849	48744
0.0121851	47784
0.0121854	47175
0.0121856	47495
0.0121858	47077
0.0121861	47415
0.0121863	47458
0.0121866	47092
0.0121868	47086
0.012187	48108
0.0121873	47128
0.0121875	46887
0.0121878	48547
0.012188	47024
0.0121882	48152
0.0121885	48511
0.0121887	47866
0.012189	47690
0.0121892	47324
0.0121894	46847
0.0121897	46333
0.0121899	47081
0.0121902	46351
0.0121904	47195
0.0121906	46324
0.0121909	46836
0.0121911	47320
0.0121914	46737
0.0121916	46376
0.0121918	46264
0.0121921	46361
0.0121923	46407
0.0121926	45960
0.0121928	46421
0.012193	46191
0.0121933	46516
0.0121935	45779
0.0121938	45708
0.012194	45575
0.0121942	46452
0.0121945	46240
0.0121947	45835
0.012195	45936
0.0121952	45511
0.0121954	45287
0.0121957	45388
0.0121959	45729
0.0121962	46142
0.0121964	44922
0.0121966	44952
0.0121969	46013
0.0121971	45560
0.0121974	46311
0.0121976	45841
0.0121978	45389
0.0121981	45557
0.0121983	46161
0.0121986	44878
0.0121988	45313
0.012199	45060
0.0121993	45021
0.0121995	46062
0.0121998	45085
0.0122	44884
0.0122002	44918
0.0122005	45588
0.0122007	45241
0.012201	45816
0.0122012	45022
0.0122014	45137
0.0122017	45318
0.0122019	44837
0.0122022	44846
0.0122024	44679
0.0122026	43774
0.0122029	44519
0.0122031	44464
0.0122034	44305
0.0122036	44557
0.0122038	44128
0.0122041	44081
0.0122043	44355
0.0122046	44389
0.0122048	44745
0.012205	45225
0.0122053	44650
0.0122055	44140
0.0122058	44834
0.012206	44368
0.0122062	43977
0.0122065	44065
0.0122067	44311
0.012207	43917
0.0122072	43718
0.0122074	44249
0.0122077	43436
0.0122079	43662
0.0122082	43981
0.0122084	44629
0.0122086	43911
0.0122089	45358
0.0122091	44037
0.0122094	44677
0.0122096	44032
0.0122098	43600
0.0122101	44779
0.0122103	44085
0.0122106	43901
0.0122108	43542
0.012211	43906
0.0122113	43290
0.0122115	43677
0.0122118	44276
0.012212	44127
0.0122122	44452
0.0122125	44570
0.0122127	44838
0.012213	44707
0.0122132	43386
0.0122134	43485
0.0122137	42995
0.0122139	43126
0.0122142	42614
0.0122144	42922
0.0122146	43372
0.0122149	43365
0.0122151	43519
0.0122154	43658
0.0122156	42722
0.0122158	43525
0.0122161	43471
0.0122163	44353
0.0122166	43199
0.0122168	42926
0.012217	43114
0.0122173	43833
0.0122175	43189
0.0122178	43430
0.012218	43406
0.0122182	42886
0.0122185	43091
0.0122187	42708
0.012219	42645
0.0122192	42270
0.0122194	42731
0.0122197	43106
0.0122199	42299
0.0122202	42238
0.0122204	42708
0.0122206	42501
0.0122209	42151
0.0122211	41932
0.0122214	42525
0.0122216	42426
0.0122218	42559
0.0122221	42161
0.0122223	42012
0.0122226	42252
0.0122228	41711
0.012223	42390
0.0122233	42689
0.0122235	42642
0.0122238	42370
0.012224	42388
0.0122242	41510
0.0122245	41383
0.0122247	42118
0.012225	41853
0.0122252	41681
0.0122254	42043
0.0122257	42328
0.0122259	41585
0.0122262	40918
0.0122264	41517
0.0122266	41302
0.0122269	41776
0.0122271	42202
0.0122274	41741
0.0122276	42007
0.0122278	42770
0.0122281	42785
0.0122283	43393
0.0122286	42299
0.0122288	42505
0.012229	42763
0.0122293	41893
0.0122295	41781
0.0122298	42351
0.01223	41570
0.0122302	41010
0.0122305	41597
0.0122307	42525
0.012231	41647
0.0122312	41498
0.0122314	41318
0.0122317	41958
0.0122319	42022
0.0122322	41375
0.0122324	42131
0.0122326	41864
0.0122329	40873
0.0122331	41041
0.0122334	41514
0.0122336	41011
0.0122338	41287
0.0122341	40996
0.0122343	41366
0.0122346	40542
0.0122348	40278
0.012235	40435
0.0122353	40342
0.0122355	40894
0.0122358	40645
0.012236	40499
0.0122362	41302
0.0122365	41702
0.0122367	41147
0.012237	40994
0.0122372	41051
0.0122374	40864
0.0122377	40814
0.0122379	41450
0.0122382	40377
0.0122384	40752
0.0122386	40618
0.0122389	40883
0.0122391	40859
0.0122394	40760
0.0122396	41498
0.0122398	41170
0.0122401	40548
0.0122403	40645
0.0122406	40473
0.0122408	40684
0.012241	40427
0.0122413	40257
0.0122415	40931
0.0122418	40357
0.012242	40602
0.0122422	41127
0.0122425	41681
0.0122427	41580
0.012243	40716
0.0122432	40130
0.0122434	40653
0.0122437	40859
0.0122439	40875
0.0122442	40495
0.0122444	40481
0.0122446	39893
0.0122449	40733
0.0122451	40257
0.0122454	40149
0.0122456	40272
0.0122458	40152
0.0122461	40179
0.0122463	39767
0.0122466	40698
0.0122468	39380
0.012247	39640
0.0122473	39793
0.0122475	39607
0.0122478	39954
0.012248	39348
0.0122482	39639
0.0122485	39325
0.0122487	39916
0.012249	39465
0.0122492	39800
0.0122494	39571
0.0122497	40019
0.0122499	40619
0.0122502	39901
0.0122504	39565
0.0122506	39883
0.0122509	39071
0.0122511	40033
0.0122514	39456
0.0122516	39441
0.0122518	39706
0.0122521	39835
0.0122523	39684
0.0122526	39434
0.0122528	38906
0.012253	39440
0.0122533	39263
0.0122535	38883
0.0122538	39603
0.012254	39496
0.0122542	40034
0.0122545	39382
0.0122547	40021
0.012255	39700
0.0122552	39510
0.0122554	39544
0.0122557	39604
0.0122559	40364
0.0122562	39539
0.0122564	38892
0.0122566	39485
0.0122569	39020
0.0122571	38877
0.0122574	39048
0.0122576	39245
0.0122578	39014
0.0122581	39247
0.0122583	38472
0.0122586	38388
0.0122588	39224
0.012259	39326
0.0122593	39422
0.0122595	38883
0.0122598	39078
0.01226	39051
0.0122602	39138
0.0122605	38876
0.0122607	38206
0.012261	38687
0.0122612	39338
0.0122614	38459
0.0122617	39118
0.0122619	38816
0.0122622	39256
0.0122624	38778
0.0122626	38770
0.0122629	38977
0.0122631	38820
0.0122634	38523
0.0122636	38951
0.0122638	38817
0.0122641	38471
0.0122643	38638
0.0122646	38493
0.0122648	38702
0.012265	38714
0.0122653	38730
0.0122655	39184
0.0122658	38331
0.012266	38588
0.0122662	38460
0.0122665	38094
0.0122667	38165
0.012267	38622
0.0122672	38760
0.0122674	38973
0.0122677	38555
0.0122679	38473
0.0122682	39206
0.0122684	38386
0.0122686	38166
0.0122689	38134
0.0122691	38066
0.0122694	38617
0.0122696	37712
0.0122698	38021
0.0122701	38133
0.0122703	38473
0.0122706	38082
0.0122708	38220
0.012271	39040
0.0122713	38645
0.0122715	38427
0.0122718	38488
0.012272	37533
0.0122722	37957
0.0122725	38464
0.0122727	38229
0.012273	37879
0.0122732	38084
0.0122734	38243
0.0122737	38432
0.0122739	38539
0.0122742	37938
0.0122744	37861
0.0122746	38283
0.0122749	37962
0.0122751	37809
0.0122754	37850
0.0122756	37763
0.0122758	38193
0.0122761	38224
0.0122763	38176
0.0122766	37710
0.0122768	37722
0.012277	37486
0.0122773	38057
0.0122775	36767
0.0122778	37894
0.012278	38272
0.0122782	38180
0.0122785	37085
0.0122787	37719
0.012279	37830
0.0122792	37633
0.0122794	37223
0.0122797	37695
0.0122799	37546
0.0122802	37949
0.0122804	37923
0.0122806	38055
0.0122809	37956
0.0122811	38107
0.0122814	38619
0.0122816	37870
0.0122818	38381
0.0122821	37801
0.0122823	37488
0.0122826	36643
0.0122828	37459
0.012283	37181
0.0122833	37234
0.0122835	37504
0.0122838	37264
0.012284	37398
0.0122842	37449
0.0122845	37291
0.0122847	37368
0.012285	37427
0.0122852	37242
0.0122854	37080
0.0122857	37156
0.0122859	37500
0.0122862	37736
0.0122864	37449
0.0122866	36776
0.0122869	37235
0.0122871	37494
0.0122874	37949
0.0122876	37124
0.0122878	36940
0.0122881	37036
0.0122883	36362
0.0122886	37067
0.0122888	36629
0.012289	36978
0.0122893	36895
0.0122895	37130
0.0122898	36564
0.01229	37413
0.0122902	37489
0.0122905	36811
0.0122907	37125
0.012291	36658
0.0122912	37747
0.0122914	36854
0.0122917	37294
0.0122919	36902
0.0122922	36540
0.0122924	36848
0.0122926	36887
0.0122929	36265
0.0122931	36500
0.0122934	36914
0.0122936	36780
0.0122938	36808
0.0122941	36207
0.0122943	36507
0.0122946	36910
0.0122948	36851
0.012295	36412
0.0122953	36593
0.0122955	36309
0.0122958	36977
0.012296	36382
0.0122962	36133
0.0122965	36817
0.0122967	36898
0.012297	36813
0.0122972	36530
0.0122974	35811
0.0122977	36598
0.0122979	36767
0.0122982	36671
0.0122984	36719
0.0122986	36910
0.0122989	36313
0.0122991	37299
0.0122994	36752
0.0122996	36276
0.0122998	37298
0.0123001	36532
0.0123003	36470
0.0123006	36240
0.0123008	36177
0.012301	36724
0.0123013	36430
0.0123015	36601
0.0123018	35910
0.012302	36228
0.0123022	36085
0.0123025	36860
0.0123027	36457
0.012303	36099
0.0123032	36287
0.0123034	36253
0.0123037	35781
0.0123039	36444
0.0123042	36939
0.0123044	36400
0.0123046	36155
0.0123049	36436
0.0123051	36268
0.0123054	36207
0.0123056	36112
0.0123058	36051
0.0123061	36678
0.0123063	36731
0.0123066	36170
0.0123068	36434
0.012307	36414
0.0123073	36588
0.0123075	36826
0.0123078	36804
0.012308	36694
0.0123082	36628
0.0123085	35985
0.0123087	36403
0.012309	36481
0.0123092	36152
0.0123094	36233
0.0123097	36569
0.0123099	36462
0.0123102	36157
0.0123104	35978
0.0123106	36236
0.0123109	35999
0.0123111	35737
0.0123114	35691
0.0123116	35193
0.0123118	35560
0.0123121	36457
0.0123123	35431
0.0123126	35735
0.0123128	36293
0.012313	35968
0.0123133	35808
0.0123135	36038
0.0123138	35606
0.012314	35749
0.0123142	36376
0.0123145	35455
0.0123147	35530
0.012315	35678
0.0123152	35268
0.0123154	34852
0.0123157	34463
0.0123159	35258
0.0123162	35103
0.0123164	35234
0.0123166	34890
0.0123169	34988
0.0123171	35644
0.0123174	35525
0.0123176	35370
0.0123178	35865
0.0123181	35514
0.0123183	35653
0.0123186	35369
0.0123188	35184
0.012319	34830
0.0123193	35258
0.0123195	35715
0.0123198	35461
0.01232	35442
0.0123202	35496
0.0123205	35283
0.0123207	35545
0.012321	35517
0.0123212	35639
0.0123214	35732
0.0123217	35918
0.0123219	35367
0.0123222	35211
0.0123224	35365
0.0123226	34932
0.0123229	34551
0.0123231	34663
0.0123234	34882
0.0123236	35036
0.0123238	35315
0.0123241	35122
0.0123243	35110
0.0123246	35035
0.0123248	35579
0.012325	35180
0.0123253	34989
0.0123255	35230
0.0123258	34501
0.012326	34568
0.0123262	33809
0.0123265	33560
0.0123267	33756
0.012327	33770
0.0123272	33254
0.0123274	33954
0.0123277	34575
0.0123279	34770
0.0123282	34798
0.0123284	34243
0.0123286	35197
0.0123289	34775
0.0123291	35283
0.0123294	34881
0.0123296	35036
0.0123298	34413
0.0123301	34999
0.0123303	34520
0.0123306	34354
0.0123308	35026
0.012331	35046
0.0123313	34870
0.0123315	34345
0.0123318	34926
0.012332	34351
0.0123322	34396
0.0123325	34967
0.0123327	34624
0.012333	34249
0.0123332	34957
0.0123334	35043
0.0123337	34977
0.0123339	34768
0.0123342	34880
0.0123344	34483
0.0123346	34588
0.0123349	34197
0.0123351	34499
0.0123354	34540
0.0123356	34573
0.0123358	34638
0.0123361	34355
0.0123363	34729
0.0123366	34876
0.0123368	34625
0.012337	34157
0.0123373	34296
0.0123375	34380
0.0123378	34823
0.012338	34440
0.0123382	34514
0.0123385	34673
0.0123387	34697
0.012339	34319
0.0123392	34351
0.0123394	34494
0.0123397	34092
0.0123399	34369
0.0123402	34652
0.0123404	34783
0.0123406	34424
0.0123409	34579
0.0123411	34872
0.0123414	33943
0.0123416	34460
0.0123418	34203
0.0123421	34352
0.0123423	34120
0.0123426	34619
0.0123428	34110
0.012343	34291
0.0123433	33942
0.0123435	34141
0.0123438	33999
0.012344	34007
0.0123442	34326
0.0123445	34079
0.0123447	34550
0.012345	33972
0.0123452	33763
0.0123454	33617
0.0123457	34056
0.0123459	34627
0.0123462	33449
0.0123464	34270
0.0123466	33818
0.0123469	33874
0.0123471	34116
0.0123474	33974
0.0123476	34152
0.0123478	33872
0.0123481	34201
0.0123483	34127
0.0123486	34395
0.0123488	34316
0.012349	33727
0.0123493	34188
0.0123495	34350
0.0123498	34024
0.01235	34325
0.0123502	34391
0.0123505	33888
0.0123507	33701
0.012351	33355
0.0123512	33780
0.0123514	33467
0.0123517	34233
0.0123519	33753
0.0123522	32953
0.0123524	33844
0.0123526	33253
0.0123529	33523
0.0123531	33596
0.0123534	33683
0.0123536	33914
0.0123538	33272
0.0123541	34076
0.0123543	33509
0.0123546	33596
0.0123548	33800
0.012355	33811
0.0123553	33661
0.0123555	33660
0.0123558	33794
0.012356	33909
0.0123562	33884
0.0123565	34265
0.0123567	34070
0.012357	33977
0.0123572	33926
0.0123574	33837
0.0123577	33945
0.0123579	34117
0.0123582	34579
0.0123584	33464
0.0123586	33390
0.0123589	33655
0.0123591	33730
0.0123594	33159
0.0123596	33451
0.0123598	32593
0.0123601	32364
0.0123603	32525
0.0123606	33156
0.0123608	32562
0.012361	33016
0.0123613	33170
0.0123615	32754
0.0123618	32292
0.012362	32773
0.0123622	32465
0.0123625	32159
0.0123627	31469
0.012363	30819
0.0123632	30281
0.0123634	28898
0.0123637	27983
0.0123639	25707
0.0123642	25344
0.0123644	24229
0.0123646	24311
0.0123649	24716
0.0123651	25332
0.0123654	26827
0.0123656	28395
0.0123658	29477
0.0123661	30153
0.0123663	30399
0.0123666	31121
0.0123668	31735
0.012367	32219
0.0123673	32201
0.0123675	32440
0.0123678	32094
0.012368	32692
0.0123682	33241
0.0123685	32470
0.0123687	33049
0.012369	33231
0.0123692	32797
0.0123694	33315
0.0123697	32988
0.0123699	33021
0.0123702	32461
0.0123704	32806
0.0123706	32564
0.0123709	32725
0.0123711	32477
0.0123714	33012
0.0123716	32923
0.0123718	32494
0.0123721	33072
0.0123723	32783
0.0123726	33317
0.0123728	33663
0.012373	33212
0.0123733	32384
0.0123735	33186
0.0123738	32396
0.012374	33138
0.0123742	32141
0.0123745	32340
0.0123747	32577
0.012375	33039
0.0123752	32181
0.0123754	32380
0.0123757	32863
0.0123759	32638
0.0123762	32870
0.0123764	32832
0.0123766	33004
0.0123769	32241
0.0123771	32624
0.0123774	32401
0.0123776	32487
0.0123778	32563
0.0123781	32498
0.0123783	33176
0.0123786	32528
0.0123788	32764
0.012379	32729
0.0123793	32619
0.0123795	32614
0.0123798	32430
0.01238	32995
0.0123802	32810
0.0123805	32829
0.0123807	32721
0.012381	32866
0.0123812	33264
0.0123814	32534
0.0123817	33013
0.0123819	32911
0.0123822	32656
0.0123824	32628
0.0123826	32636
0.0123829	32702
0.0123831	32533
0.0123834	32611
0.0123836	32499
0.0123838	32731
0.0123841	32389
0.0123843	32802
0.0123846	32817
0.0123848	32990
0.012385	32849
0.0123853	32300
0.0123855	32270
0.0123858	32713
0.012386	32619
0.0123862	32868
0.0123865	33008
0.0123867	32260
0.012387	32286
0.0123872	32285
0.0123874	32425
0.0123877	32117
0.0123879	33029
0.0123882	33041
0.0123884	32629
0.0123886	32319
0.0123889	32534
0.0123891	32092
0.0123894	32538
0.0123896	32376
0.0123898	32677
0.0123901	32881
0.0123903	32331
0.0123906	32435
0.0123908	32192
0.012391	32172
0.0123913	32558
0.0123915	31958
0.0123918	32480
0.012392	32459
0.0123922	32546
0.0123925	32555
0.0123927	32072
0.012393	32091
0.0123932	31752
0.0123934	31532
0.0123937	32383
0.0123939	32193
0.0123942	32136
0.0123944	31977
0.0123946	32596
0.0123949	32296
0.0123951	32339
0.0123954	32282
0.0123956	32303
0.0123958	32707
0.0123961	32617
0.0123963	32411
0.0123966	32642
0.0123968	32901
0.012397	32037
0.0123973	31736
0.0123975	32120
0.0123978	32374
0.012398	32308
0.0123982	31346
0.0123985	31509
0.0123987	31897
0.012399	31657
0.0123992	31457
0.0123994	31810
0.0123997	32257
0.0123999	31915
0.0124002	31399
0.0124004	31267
0.0124006	31582
0.0124009	31772
0.0124011	31468
0.0124014	31585
0.0124016	31721
0.0124018	31538
0.0124021	31325
0.0124023	32039
0.0124026	32194
0.0124028	31868
0.012403	31552
0.0124033	31681
0.0124035	31814
0.0124038	31484
0.012404	31589
0.0124042	31458
0.0124045	31909
0.0124047	31818
0.012405	31989
0.0124052	31873
0.0124054	31088
0.0124057	31704
0.0124059	31694
0.0124062	31095
0.0124064	31077
0.0124066	31206
0.0124069	30670
0.0124071	30889
0.0124074	30818
0.0124076	30551
0.0124078	30655
0.0124081	30172
0.0124083	29715
0.0124086	28954
0.0124088	28551
0.012409	28062
0.0124093	27665
0.0124095	27363
0.0124098	26841
0.01241	27115
0.0124102	27392
0.0124105	27501
0.0124107	28043
0.012411	28335
0.0124112	28687
0.0124114	28936
0.0124117	29633
0.0124119	29919
0.0124122	30556
0.0124124	30593
0.0124126	31683
0.0124129	31067
0.0124131	31049
0.0124134	31099
0.0124136	31202
0.0124138	31343
0.0124141	31104
0.0124143	31529
0.0124146	31580
0.0124148	31540
0.012415	31576
0.0124153	31699
0.0124155	31399
0.0124158	31124
0.012416	31219
0.0124162	31514
0.0124165	31586
0.0124167	31679
0.012417	31155
0.0124172	31706
0.0124174	31517
0.0124177	31396
0.0124179	31527
0.0124182	30970
0.0124184	30942
0.0124186	31579
0.0124189	31105
0.0124191	31618
0.0124194	31129
0.0124196	31490
0.0124198	31153
0.0124201	31146
0.0124203	31553
0.0124206	31164
0.0124208	31198
0.012421	31415
0.0124213	31197
0.0124215	31285
0.0124218	31195
0.012422	30832
0.0124222	31849
0.0124225	30999
0.0124227	31028
0.012423	30465
0.0124232	31070
0.0124234	31366
0.0124237	31641
0.0124239	31895
0.0124242	31470
0.0124244	31124
0.0124246	31259
0.0124249	31945
0.0124251	31377
0.0124254	31038
0.0124256	31071
0.0124258	30327
0.0124261	30589
0.0124263	30654
0.0124266	31847
0.0124268	30956
0.012427	31011
0.0124273	31140
0.0124275	31315
0.0124278	31464
0.012428	31128
0.0124282	31159
0.0124285	30518
0.0124287	31179
0.012429	31519
0.0124292	31234
0.0124294	31264
0.0124297	30921
0.0124299	31881
0.0124302	31536
0.0124304	30956
0.0124306	30663
0.0124309	31277
0.0124311	31199
0.0124314	31351
0.0124316	30939
0.0124318	31174
0.0124321	31343
0.0124323	31297
0.0124326	30830
0.0124328	31119
0.012433	30997
0.0124333	31644
0.0124335	30343
0.0124338	30886
0.012434	30912
0.0124342	31210
0.0124345	31114
0.0124347	30979
0.012435	30527
0.0124352	30684
0.0124354	31327
0.0124357	30834
0.0124359	31107
0.0124362	31121
0.0124364	31163
0.0124366	31239
0.0124369	30780
0.0124371	30749
0.0124374	30752
0.0124376	30848
0.0124378	30750
0.0124381	31061
0.0124383	31229
0.0124386	31430
0.0124388	30940
0.012439	30969
0.0124393	31310
0.0124395	31062
0.0124398	30516
0.01244	30415
0.0124402	31148
0.0124405	30900
0.0124407	31108
0.012441	30876
0.0124412	31149
0.0124414	30967
0.0124417	31283
0.0124419	31032
0.0124422	30662
0.0124424	30792
0.0124426	31335
0.0124429	30394
0.0124431	30348
0.0124434	30727
0.0124436	30857
0.0124438	30383
0.0124441	30406
0.0124443	30817
0.0124446	30969
0.0124448	30795
0.012445	30738
0.0124453	31250
0.0124455	30857
0.0124458	30631
0.012446	30673
0.0124462	30598
0.0124465	30811
0.0124467	30558
0.012447	31402
0.0124472	31073
0.0124474	30424
0.0124477	30592
0.0124479	30290
0.0124482	30454
0.0124484	30877
0.0124486	30817
0.0124489	30742
0.0124491	30403
0.0124494	31086
0.0124496	30202
0.0124498	30146
0.0124501	30679
0.0124503	30252
0.0124506	30520
0.0124508	30203
0.012451	30032
0.0124513	30071
0.0124515	30843
0.0124518	30844
0.012452	30123
0.0124522	30895
0.0124525	30593
0.0124527	30654
0.012453	30254
0.0124532	29989
0.0124534	30511
0.0124537	30415
0.0124539	30852
0.0124542	30794
0.0124544	30710
0.0124546	30826
0.0124549	30417
0.0124551	30551
0.0124554	30492
0.0124556	30569
0.0124558	30374
0.0124561	30270
0.0124563	30392
0.0124566	29879
0.0124568	29881
0.012457	30159
0.0124573	30682
0.0124575	30369
0.0124578	30037
0.012458	30011
0.0124582	30533
0.0124585	30246
0.0124587	29839
0.012459	30284
0.0124592	30385
0.0124594	30572
0.0124597	30082
0.0124599	30512
0.0124602	30768
0.0124604	29816
0.0124606	29890
0.0124609	30661
0.0124611	30341
0.0124614	30137
0.0124616	30079
0.0124618	29930
0.0124621	30342
0.0124623	30348
0.0124626	29955
0.0124628	29955
0.012463	30628
0.0124633	30406
0.0124635	29927
0.0124638	30385
0.012464	30089
0.0124642	30480
0.0124645	29988
0.0124647	30701
0.012465	30207
0.0124652	30539
0.0124654	29762
0.0124657	30312
0.0124659	30203
0.0124662	30282
0.0124664	30330
0.0124666	30298
0.0124669	30294
0.0124671	30551
0.0124674	30533
0.0124676	29658
0.0124678	30152
0.0124681	29542
0.0124683	30536
0.0124686	29898
0.0124688	30107
0.012469	30434
0.0124693	30120
0.0124695	29990
0.0124698	29526
0.01247	30800
0.0124702	30181
0.0124705	30417
0.0124707	29541
0.012471	29753
0.0124712	29994
0.0124714	30388
0.0124717	30305
0.0124719	30100
0.0124722	29868
0.0124724	29932
0.0124726	30122
0.0124729	30497
0.0124731	30262
0.0124734	30461
0.0124736	30260
0.0124738	29928
0.0124741	30084
0.0124743	30951
0.0124746	29713
0.0124748	30105
0.012475	29901
0.0124753	29909
0.0124755	30131
0.0124758	30308
0.012476	30201
0.0124762	29709
0.0124765	29732
0.0124767	29791
0.012477	30006
0.0124772	30501
0.0124774	29975
0.0124777	30130
0.0124779	29771
0.0124782	29751
0.0124784	29781
0.0124786	29817
0.0124789	29925
0.0124791	29825
0.0124794	29840
0.0124796	30294
0.0124798	30041
0.0124801	30044
0.0124803	30099
0.0124806	29820
0.0124808	29920
0.012481	29808
0.0124813	29787
0.0124815	29596
0.0124818	29587
0.012482	30490
0.0124822	30142
0.0124825	29753
0.0124827	29390
0.012483	29754
0.0124832	29741
0.0124834	29717
0.0124837	29136
0.0124839	29703
0.0124842	29585
0.0124844	29465
0.0124846	29820
0.0124849	29599
0.0124851	29692
0.0124854	29335
0.0124856	29786
0.0124858	29836
0.0124861	29602
0.0124863	29727
0.0124866	29508
0.0124868	29809
0.012487	29645
0.0124873	29967
0.0124875	29629
0.0124878	30490
0.012488	29575
0.0124882	30160
0.0124885	29295
0.0124887	29522
0.012489	29364
0.0124892	29858
0.0124894	29456
0.0124897	29546
0.0124899	29781
0.0124902	29569
0.0124904	30148
0.0124906	30488
0.0124909	30211
0.0124911	29966
0.0124914	29287
0.0124916	29790
0.0124918	28977
0.0124921	29564
0.0124923	29725
0.0124926	29565
0.0124928	29640
0.012493	29715
0.0124933	30017
0.0124935	30117
0.0124938	29492
0.012494	29633
0.0124942	29541
0.0124945	29350
0.0124947	29319
0.012495	29486
0.0124952	29309
0.0124954	29025
0.0124957	29602
0.0124959	29544
0.0124962	29664
0.0124964	29068
0.0124966	29773
0.0124969	29519
0.0124971	29883
0.0124974	29428
0.0124976	29522
0.0124978	29522
0.0124981	29171
0.0124983	29517
0.0124986	29523
0.0124988	29613
0.012499	29718
0.0124993	29267
0.0124995	29843
0.0124998	29245
0.0125	29508
0.0125002	29871
0.0125005	29433
0.0125007	29742
0.012501	29066
0.0125012	29208
0.0125014	29908
0.0125017	29803
0.0125019	29630
0.0125022	29843
0.0125024	29499
0.0125026	29631
0.0125029	29526
0.0125031	29720
0.0125034	29213
0.0125036	29497
0.0125038	29599
0.0125041	29605
0.0125043	29170
0.0125046	29313
0.0125048	29225
0.012505	28607
0.0125053	29117
0.0125055	29232
0.0125058	29495
0.012506	28746
0.0125062	29128
0.0125065	29258
0.0125067	29607
0.012507	29720
0.0125072	28740
0.0125074	29473
0.0125077	29791
0.0125079	29134
0.0125082	29453
0.0125084	29431
0.0125086	29692
0.0125089	28809
0.0125091	29467
0.0125094	28931
0.0125096	28830
0.0125098	28994
0.0125101	29947
0.0125103	29348
0.0125106	29728
0.0125108	28856
0.012511	28837
0.0125113	29435
0.0125115	29239
0.0125118	29405
0.012512	29117
0.0125122	29344
0.0125125	29098
0.0125127	29398
0.012513	29205
0.0125132	29146
0.0125134	29499
0.0125137	29309
0.0125139	28697
0.0125142	29327
0.0125144	29517
0.0125146	28768
0.0125149	29185
0.0125151	28944
0.0125154	29390
0.0125156	29231
0.0125158	29407
0.0125161	29331
0.0125163	29574
0.0125166	29701
0.0125168	29319
0.012517	29105
0.0125173	29209
0.0125175	29390
0.0125178	29818
0.012518	29124
0.0125182	29133
0.0125185	29357
0.0125187	29221
0.012519	29029
0.0125192	29776
0.0125194	28958
0.0125197	28388
0.0125199	29360
0.0125202	29431
0.0125204	29660
0.0125206	28844
0.0125209	29033
0.0125211	28904
0.0125214	29429
0.0125216	29425
0.0125218	29682
0.0125221	29207
0.0125223	29052
0.0125226	29090
0.0125228	29422
0.012523	29370
0.0125233	29181
0.0125235	29147
0.0125238	29085
0.012524	28682
0.0125242	29131
0.0125245	28898
0.0125247	29131
0.012525	29076
0.0125252	29120
0.0125254	29034
0.0125257	29093
0.0125259	28884
0.0125262	28690
0.0125264	29369
0.0125266	29109
0.0125269	29136
0.0125271	29031
0.0125274	29478
0.0125276	29556
0.0125278	29183
0.0125281	29199
0.0125283	28837
0.0125286	28892
0.0125288	28915
0.012529	29125
0.0125293	28878
0.0125295	29700
0.0125298	28784
0.01253	29039
0.0125302	29243
0.0125305	28752
0.0125307	29032
0.012531	29164
0.0125312	29184
0.0125314	28771
0.0125317	29127
0.0125319	28488
0.0125322	28823
0.0125324	28927
0.0125326	28630
0.0125329	28876
0.0125331	28530
0.0125334	28799
0.0125336	28640
0.0125338	28629
0.0125341	28312
0.0125343	28721
0.0125346	29416
0.0125348	28937
0.012535	28939
0.0125353	28966
0.0125355	29299
0.0125358	29086
0.012536	28453
0.0125362	28317
0.0125365	28776
0.0125367	28846
0.012537	29045
0.0125372	28382
0.0125374	28122
0.0125377	28604
0.0125379	28703
0.0125382	28919
0.0125384	28689
0.0125386	28796
0.0125389	29258
0.0125391	28613
0.0125394	29246
0.0125396	28233
0.0125398	28989
0.0125401	28931
0.0125403	28851
0.0125406	28004
0.0125408	28040
0.012541	28828
0.0125413	28765
0.0125415	28666
0.0125418	28183
0.012542	28993
0.0125422	28901
0.0125425	28461
0.0125427	28196
0.012543	28396
0.0125432	28367
0.0125434	28225
0.0125437	28290
0.0125439	28573
0.0125442	28933
0.0125444	28523
0.0125446	28642
0.0125449	29147
0.0125451	28660
0.0125454	28413
0.0125456	29262
0.0125458	28158
0.0125461	28106
0.0125463	28273
0.0125466	28378
0.0125468	28925
0.012547	28169
0.0125473	28083
0.0125475	28558
0.0125478	28601
0.012548	28972
0.0125482	29092
0.0125485	29081
0.0125487	28398
0.012549	28765
0.0125492	28043
0.0125494	28659
0.0125497	28686
0.0125499	28094
0.0125502	28696
0.0125504	28809
0.0125506	28586
0.0125509	28234
0.0125511	28535
0.0125514	28145
0.0125516	28489
0.0125518	28570
0.0125521	28809
0.0125523	28798
0.0125526	29038
0.0125528	28815
0.012553	28333
0.0125533	28518
0.0125535	28321
0.0125538	28468
0.012554	29473
0.0125542	28761
0.0125545	28310
0.0125547	28703
0.012555	29106
0.0125552	28926
0.0125554	28753
0.0125557	28044
0.0125559	28592
0.0125562	28223
0.0125564	28358
0.0125566	28414
0.0125569	28138
0.0125571	28963
0.0125574	28140
0.0125576	27856
0.0125578	28205
0.0125581	28408
0.0125583	28675
0.0125586	27961
0.0125588	28294
0.012559	28018
0.0125593	28560
0.0125595	28385
0.0125598	28413
0.01256	28575
0.0125602	28154
0.0125605	28339
0.0125607	28617
0.012561	28051
0.0125612	28482
0.0125614	27800
0.0125617	28179
0.0125619	27998
0.0125622	28477
0.0125624	28460
0.0125626	28085
0.0125629	27891
0.0125631	28343
0.0125634	28002
0.0125636	27950
0.0125638	28382
0.0125641	28041
0.0125643	28366
0.0125646	28146
0.0125648	27785
0.012565	27896
0.0125653	27996
0.0125655	28371
0.0125658	27974
0.012566	28573
0.0125662	28769
0.0125665	28311
0.0125667	28308
0.012567	28184
0.0125672	28074
0.0125674	28105
0.0125677	28814
0.0125679	28147
0.0125682	28029
0.0125684	27890
0.0125686	27746
0.0125689	27618
0.0125691	27927
0.0125694	28261
0.0125696	28104
0.0125698	27702
0.0125701	27789
0.0125703	28101
0.0125706	27900
0.0125708	28348
0.012571	27534
0.0125713	28095
0.0125715	27752
0.0125718	28005
0.012572	27113
0.0125722	27102
0.0125725	27584
0.0125727	27834
0.012573	27429
0.0125732	27252
0.0125734	27071
0.0125737	27134
0.0125739	26932
0.0125742	26823
0.0125744	27025
0.0125746	27095
0.0125749	26047
0.0125751	26170
0.0125754	26456
0.0125756	25891
0.0125758	26623
0.0125761	25667
0.0125763	25751
0.0125766	25251
0.0125768	25452
0.012577	24930
0.0125773	24372
0.0125775	24122
0.0125778	23934
0.012578	23767
0.0125782	22853
0.0125785	23365
0.0125787	22980
0.012579	23106
0.0125792	22935
0.0125794	22186
0.0125797	22405
0.0125799	22283
0.0125802	22385
0.0125804	22552
0.0125806	22829
0.0125809	22464
0.0125811	22640
0.0125814	23058
0.0125816	23188
0.0125818	22931
0.0125821	23196
0.0125823	23058
0.0125826	23195
0.0125828	24107
0.012583	24532
0.0125833	24262
0.0125835	25056
0.0125838	25143
0.012584	24890
0.0125842	25355
0.0125845	25303
0.0125847	25253
0.012585	25714
0.0125852	26092
0.0125854	26681
0.0125857	26837
0.0125859	26971
0.0125862	26785
0.0125864	27217
0.0125866	27282
0.0125869	26938
0.0125871	27620
0.0125874	27265
0.0125876	27492
0.0125878	27301
0.0125881	27617
0.0125883	27677
0.0125886	27486
0.0125888	27755
0.012589	27578
0.0125893	28069
0.0125895	27750
0.0125898	28227
0.01259	28176
0.0125902	28398
0.0125905	28664
0.0125907	28495
0.012591	28463
0.0125912	28066
0.0125914	28804
0.0125917	28849
0.0125919	29048
0.0125922	28525
0.0125924	28892
0.0125926	29281
0.0125929	29335
0.0125931	29323
0.0125934	29198
0.0125936	29200
0.0125938	28917
0.0125941	29068
0.0125943	29010
0.0125946	29494
0.0125948	29857
0.012595	29371
0.0125953	29090
0.0125955	29182
0.0125958	29288
0.012596	29032
0.0125962	28381
0.0125965	28581
0.0125967	28561
0.012597	28258
0.0125972	28605
0.0125974	28224
0.0125977	29033
0.0125979	28376
0.0125982	27974
0.0125984	28072
0.0125986	28249
0.0125989	28104
0.0125991	28377
0.0125994	28422
0.0125996	28359
0.0125998	27824
0.0126001	27380
0.0126003	28214
0.0126006	28065
0.0126008	28213
0.012601	28439
0.0126013	27693
0.0126015	27363
0.0126018	27936
0.012602	28018
0.0126022	27637
0.0126025	27734
0.0126027	27515
0.012603	28184
0.0126032	27727
0.0126034	27706
0.0126037	27786
0.0126039	27861
0.0126042	28293
0.0126044	27673
0.0126046	27942
0.0126049	27456
0.0126051	27567
0.0126054	27288
0.0126056	27333
0.0126058	27258
0.0126061	27228
0.0126063	27297
0.0126066	27579
0.0126068	26883
0.012607	27278
0.0126073	26987
0.0126075	27145
0.0126078	27421
0.012608	27592
0.0126082	27494
0.0126085	27156
0.0126087	27630
0.012609	27667
0.0126092	27348
0.0126094	26872
0.0126097	27435
0.0126099	27753
0.0126102	27556
0.0126104	27473
0.0126106	27654
0.0126109	26847
0.0126111	27145
0.0126114	26840
0.0126116	27304
0.0126118	27030
0.0126121	27118
0.0126123	27314
0.0126126	27106
0.0126128	26869
0.012613	26596
0.0126133	26853
0.0126135	27394
0.0126138	26922
0.012614	26746
0.0126142	27016
0.0126145	26612
0.0126147	26660
0.012615	26943
0.0126152	26799
0.0126154	26436
0.0126157	26671
0.0126159	26232
0.0126162	26353
0.0126164	26253
0.0126166	26505
0.0126169	25732
0.0126171	26137
0.0126174	26072
0.0126176	25544
0.0126178	25711
0.0126181	25255
0.0126183	25280
0.0126186	25371
0.0126188	25289
0.012619	25437
0.0126193	25113
0.0126195	25268
0.0126198	24883
0.01262	24178
0.0126202	24036
0.0126205	24456
0.0126207	24050
0.012621	24190
0.0126212	23534
0.0126214	24009
0.0126217	23432
0.0126219	23679
0.0126222	22964
0.0126224	23377
0.0126226	22997
0.0126229	23375
0.0126231	22790
0.0126234	22434
0.0126236	22620
0.0126238	22679
0.0126241	22994
0.0126243	22999
0.0126246	23547
0.0126248	22986
0.012625	22883
0.0126253	23009
0.0126255	22976
0.0126258	22980
0.012626	22900
0.0126262	22654
0.0126265	23190
0.0126267	23473
0.012627	23316
0.0126272	23356
0.0126274	24020
0.0126277	23772
0.0126279	23917
0.0126282	24097
0.0126284	24167
0.0126286	24679
0.0126289	24485
0.0126291	24715
0.0126294	24689
0.0126296	24293
0.0126298	24546
0.0126301	25334
0.0126303	25116
0.0126306	25680
0.0126308	25266
0.012631	25149
0.0126313	25890
0.0126315	25894
0.0126318	25468
0.012632	25980
0.0126322	25851
0.0126325	25746
0.0126327	26013
0.012633	26035
0.0126332	26315
0.0126334	26086
0.0126337	26047
0.0126339	26432
0.0126342	26513
0.0126344	26222
0.0126346	25956
0.0126349	26592
0.0126351	26339
0.0126354	26282
0.0126356	26534
0.0126358	26924
0.0126361	26997
0.0126363	27199
0.0126366	26837
0.0126368	26489
0.012637	26653
0.0126373	27097
0.0126375	27252
0.0126378	27017
0.012638	27085
0.0126382	27367
0.0126385	27197
0.0126387	27207
0.012639	27251
0.0126392	27073
0.0126394	27114
0.0126397	27007
0.0126399	27366
0.0126402	27499
0.0126404	27390
0.0126406	26857
0.0126409	27049
0.0126411	26865
0.0126414	27511
0.0126416	27504
0.0126418	27418
0.0126421	27562
0.0126423	27382
0.0126426	27555
0.0126428	27258
0.012643	27332
0.0126433	27361
0.0126435	26993
0.0126438	27492
0.012644	27262
0.0126442	27288
0.0126445	27241
0.0126447	27266
0.012645	26776
0.0126452	27574
0.0126454	27169
0.0126457	27409
0.0126459	27244
0.0126462	26916
0.0126464	27780
0.0126466	27213
0.0126469	27057
0.0126471	27479
0.0126474	27075
0.0126476	27234
0.0126478	27779
0.0126481	27280
0.0126483	27350
0.0126486	27088
0.0126488	27643
0.012649	26970
0.0126493	27134
0.0126495	27580
0.0126498	27314
0.01265	27157
0.0126502	27416
0.0126505	27198
0.0126507	27279
0.012651	27778
0.0126512	27642
0.0126514	27257
0.0126517	27448
0.0126519	27580
0.0126522	27759
0.0126524	26911
0.0126526	27296
0.0126529	27754
0.0126531	27266
0.0126534	27110
0.0126536	27360
0.0126538	26647
0.0126541	27226
0.0126543	27255
0.0126546	27239
0.0126548	27182
0.012655	27101
0.0126553	27157
0.0126555	27057
0.0126558	27309
0.012656	26894
0.0126562	27029
0.0126565	27962
0.0126567	27161
0.012657	26768
0.0126572	27186
0.0126574	27423
0.0126577	27140
0.0126579	27369
0.0126582	27663
0.0126584	27112
0.0126586	27467
0.0126589	27510
0.0126591	27628
0.0126594	27468
0.0126596	27397
0.0126598	26971
0.0126601	27636
0.0126603	27441
0.0126606	27743
0.0126608	27219
0.012661	27013
0.0126613	26853
0.0126615	27079
0.0126618	27058
0.012662	27148
0.0126622	27433
0.0126625	28006
0.0126627	27964
0.012663	27323
0.0126632	27206
0.0126634	26767
0.0126637	26681
0.0126639	27053
0.0126642	26769
0.0126644	27011
0.0126646	27072
0.0126649	27365
0.0126651	27435
0.0126654	27614
0.0126656	27610
0.0126658	27596
0.0126661	27262
0.0126663	27668
0.0126666	27481
0.0126668	27043
0.012667	27392
0.0126673	26616
0.0126675	27188
0.0126678	26877
0.012668	26720
0.0126682	27006
0.0126685	26853
0.0126687	27110
0.012669	27354
0.0126692	27408
0.0126694	27381
0.0126697	27392
0.0126699	27529
0.0126702	27326
0.0126704	27039
0.0126706	27018
0.0126709	27520
0.0126711	27477
0.0126714	27514
0.0126716	27414
0.0126718	27137
0.0126721	27175
0.0126723	27397
0.0126726	27294
0.0126728	27112
0.012673	27140
0.0126733	27092
0.0126735	27481
0.0126738	27601
0.012674	27181
0.0126742	27170
0.0126745	27108
0.0126747	27557
0.012675	26892
0.0126752	26834
0.0126754	27210
0.0126757	27599
0.0126759	27068
0.0126762	27496
0.0126764	27255
0.0126766	26587
0.0126769	27242
0.0126771	27108
0.0126774	27212
0.0126776	26917
0.0126778	27772
0.0126781	27558
0.0126783	26609
0.0126786	26863
0.0126788	27205
0.012679	27326
0.0126793	27500
0.0126795	27262
0.0126798	26888
0.01268	27291
0.0126802	27259
0.0126805	26689
0.0126807	26718
0.012681	27410
0.0126812	27237
0.0126814	27552
0.0126817	27029
0.0126819	27608
0.0126822	27372
0.0126824	27717
0.0126826	27192
0.0126829	27177
0.0126831	27243
0.0126834	26829
0.0126836	27000
0.0126838	27197
0.0126841	27174
0.0126843	26675
0.0126846	26948
0.0126848	27422
0.012685	27310
0.0126853	27481
0.0126855	27300
0.0126858	27053
0.012686	27513
0.0126862	26862
0.0126865	26670
0.0126867	26961
0.012687	26778
0.0126872	27091
0.0126874	27365
0.0126877	27460
0.0126879	27229
0.0126882	27493
0.0126884	26998
0.0126886	28105
0.0126889	27151
0.0126891	26684
0.0126894	27495
0.0126896	27001
0.0126898	26917
0.0126901	26957
0.0126903	27043
0.0126906	27130
0.0126908	27442
0.012691	27309
0.0126913	27346
0.0126915	27022
0.0126918	27006
0.012692	27157
0.0126922	27234
0.0126925	26771
0.0126927	27363
0.012693	26909
0.0126932	26612
0.0126934	27074
0.0126937	27068
0.0126939	27645
0.0126942	26814
0.0126944	25394
0.0131006	5669431
0.0131518	5556660
0.013203	5514511
0.0132542	5463860
0.0133054	5414398
0.0133566	5398588
0.0134078	5380956
0.013459	5330120
0.0135102	5249326
0.0135614	5175761
0.0136126	5109051
0.0136638	5038170
0.013715	4975334
0.0137662	4917855
0.0138174	4857994
0.0138686	4791895
0.0139198	4717396
0.013971	4621360
0.0140222	4544481
0.0140734	4463209
0.0141246	4376401
0.0141758	4294946
0.014227	4219369
0.0142782	4155895
0.0143294	4094103
0.0143806	4034857
0.0144318	3994253
0.014483	3957159
0.0145342	3931689
0.0145854	3911473
0.0146366	3908132
0.0146878	3919190
0.014739	3935029
0.0147902	3961583
0.0148414	4003056
0.0148926	4038885
0.0149438	4081550
0.014995	4131080
0.0150462	4153836
0.0150974	4190286
0.0151486	4232279
0.0151998	4272766
0.015251	4292445
0.0153022	4313445
0.0153534	4346871
0.0154046	4370486
0.0154558	4396970
0.015507	4433864
0.0155582	4474247
0.0156094	4521680
0.0156606	4716952
0.0157118	4823636
0.015763	4896101
