9.6e-007	17225835
5.216e-005	16814641
0.00010336	16718504
0.00015456	16603127
0.00020576	16437620
0.00025696	16313391
0.00030816	16168743
0.00035936	15995569
0.00041056	15882800
0.00046176	15747938
0.00051296	15588585
0.00056416	15439502
0.00061536	15354473
0.00066656	15264691
0.00071776	15226321
0.00076896	15222334
0.00082016	15113022
0.00087136	15103128
0.00092256	15055954
0.00097376	15016854
0.00102496	14954435
0.00107616	14960356
0.00112736	14974446
0.00117856	14935982
0.00122976	14828726
0.00128096	14765437
0.00133216	14697995
0.00138336	14624755
0.00143456	14514417
0.00148576	14416696
0.00153696	14333361
0.00158816	14337329
0.00163936	14331699
0.00169056	14283539
0.00174176	14225488
0.00179296	14185526
0.00184416	14304772
0.00189536	14379907
0.00194656	14339461
0.00199776	14332759
0.00204896	14419978
0.00210016	15102010
0.00215136	15667763
0.00220256	16036927
0.00225376	16177420
0.00230496	16497495
0.00235616	16645929
0.00240736	16627145
0.00245856	16555555
0.00250976	16497595
0.00256096	16442098
0.00261216	16457261
0.00266336	16473784
0.00271456	16374816
0.00276576	16345575
0.00281696	16283741
0.00286816	16328861
0.00291936	16347340
0.00297056	16247032
0.00302176	16211211
0.00307296	16201247
0.00312416	16149760
0.00317536	16109694
0.00322656	16248268
0.00327776	16604611
0.00332896	16575331
0.00338016	16495442
0.00343136	16448339
0.00348256	16471554
0.00353376	16399553
0.00358496	16327724
0.00363616	16269665
0.00368736	16340993
0.00373856	16944461
0.00378976	17041241
0.00384096	17101320
0.00389216	17111671
0.00394336	17028761
0.00399456	17003810
0.00404576	16970517
0.00409696	16922782
0.00414816	16853042
0.00419936	16813105
0.00425056	16885548
0.00430176	16911586
0.00435296	16794857
0.00440416	16804032
0.00445536	16848441
0.00450656	17508500
0.00455776	17792443
0.00460896	17791029
0.00466016	17794823
0.00471136	18043689
0.00476256	18904823
0.00481376	18992174
0.00486496	18996314
0.00491616	18921438
0.00496736	18840394
0.00501856	18832638
0.00506976	18761201
0.00512096	18664854
0.00517216	18567063
0.00522336	18403255
0.00527456	18280551
0.00532576	18179573
0.00537696	18152446
0.00542816	18385876
0.00547936	18520716
0.00553056	18480545
0.00558176	18738567
0.00563296	18681491
0.00568416	18457921
0.00573536	18268410
0.00578656	18138208
0.00583776	18007053
0.00588896	17848563
0.00594016	17769464
0.00632064	18983325
0.00637184	18385362
0.00642304	18151696
0.00647424	17972899
0.00652544	17767590
0.00657664	17587240
0.00662784	17520923
0.00667904	17364214
0.00673024	17103130
0.00678144	16991386
0.00683264	16827678
0.00688384	16752782
0.00693504	16645334
0.00698624	16500718
0.00703744	16343244
0.00708864	16170998
0.00713984	16580411
0.00719104	16884941
0.00724224	16809315
0.00729344	16762870
0.00734464	16637676
0.00739584	16523218
0.00744704	16415022
0.00749824	16296301
0.00754944	16173772
0.00760064	16178820
0.00765184	18402316
0.00770304	19353664
0.00775424	19457496
0.00780544	19410287
0.00785664	19314615
0.00790784	19151746
0.00795904	19017953
0.00801024	18867729
0.00806144	18817033
0.00811264	18670537
0.00816384	18490587
0.00821504	18384129
0.00826624	18230245
0.00831744	18059396
0.00836864	17911833
0.00841984	17728448
0.00847104	17567501
0.00852224	17395349
0.00857344	17290517
0.00862464	17169002
0.00867584	17029903
0.00872704	16942759
0.00877824	16685878
0.00882944	16551747
0.00888064	16456983
0.00893184	16294104
0.00898304	16173725
0.00903424	16003841
0.00908544	15822564
0.00913664	15648982
0.00918784	15526906
0.00923904	15392231
0.00929024	15244458
0.00934144	15114871
0.00939264	15058255
0.00944384	14936294
0.00949504	14792099
0.00954624	14688470
0.00959744	14617180
0.00964864	14530583
0.00969984	14483496
0.00975104	15616395
0.00980224	16240263
0.00985344	16354170
0.00990464	16276171
0.00995584	16117557
0.010007	15935682
0.0100582	15780769
0.0101094	15653441
0.0101606	15539662
0.0102118	15490001
0.010263	15380892
0.0103142	15226142
0.0103654	15136516
0.0104166	14953453
0.0104678	14748391
0.010519	14641116
0.0105702	14481949
0.0106214	14330044
0.0106726	14248667
0.0107238	14114040
0.010775	13885791
0.0108262	13712991
0.0108774	13632038
0.0109286	13556829
0.0109798	13400515
0.011031	13217042
0.0110822	13021668
0.0111334	12843892
0.0111846	12664991
0.0112358	12464844
0.011287	12293914
0.0113382	12117411
0.0113894	11896701
0.0114406	11633295
0.0114918	11322525
0.011543	10954534
0.0120946	25200
0.0120949	25398
0.0120951	26307
0.0120954	25744
0.0120956	25976
0.0120958	25861
0.0120961	25745
0.0120963	25903
0.0120966	25837
0.0120968	25642
0.012097	26343
0.0120973	25635
0.0120975	25785
0.0120978	25544
0.012098	25342
0.0120982	25568
0.0120985	25692
0.0120987	25416
0.012099	25243
0.0120992	25840
0.0120994	25088
0.0120997	25267
0.0120999	25742
0.0121002	25517
0.0121004	25674
0.0121006	25399
0.0121009	25682
0.0121011	24993
0.0121014	25109
0.0121016	24942
0.0121018	25367
0.0121021	25032
0.0121023	25916
0.0121026	24899
0.0121028	25112
0.012103	25640
0.0121033	25064
0.0121035	25563
0.0121038	25146
0.012104	25354
0.0121042	24995
0.0121045	25060
0.0121047	25528
0.012105	25710
0.0121052	25109
0.0121054	25233
0.0121057	25210
0.0121059	24444
0.0121062	25309
0.0121064	24946
0.0121066	25049
0.0121069	25498
0.0121071	25726
0.0121074	25229
0.0121076	25354
0.0121078	24769
0.0121081	24703
0.0121083	24274
0.0121086	25102
0.0121088	24751
0.012109	24860
0.0121093	25002
0.0121095	25073
0.0121098	25042
0.01211	25088
0.0121102	24883
0.0121105	25748
0.0121107	24624
0.012111	24730
0.0121112	24163
0.0121114	24913
0.0121117	24513
0.0121119	25941
0.0121122	212349
0.0121124	1291778
0.0121126	2590714
0.0121129	1881059
0.0121131	1407440
0.0121134	1671159
0.0121136	1684679
0.0121138	1545516
0.0121141	1603998
0.0121143	1422192
0.0121146	1119609
0.0121148	962530
0.012115	839507
0.0121153	698777
0.0121155	612460
0.0121158	642714
0.012116	577908
0.0121162	434870
0.0121165	377728
0.0121167	481161
0.012117	552315
0.0121172	532997
0.0121174	491238
0.0121177	441315
0.0121179	380620
0.0121182	331990
0.0121184	299166
0.0121186	252403
0.0121189	334170
0.0121191	456244
0.0121194	478742
0.0121196	448270
0.0121198	418719
0.0121201	416519
0.0121203	409130
0.0121206	403091
0.0121208	395371
0.012121	387900
0.0121213	373655
0.0121215	360043
0.0121218	367910
0.012122	367234
0.0121222	362585
0.0121225	356770
0.0121227	351552
0.012123	348901
0.0121232	349398
0.0121234	346266
0.0121237	345131
0.0121239	338007
0.0121242	336155
0.0121244	332119
0.0121246	328997
0.0121249	321379
0.0121251	314638
0.0121254	320409
0.0121256	327461
0.0121258	324517
0.0121261	318912
0.0121263	314397
0.0121266	311323
0.0121268	309839
0.012127	310362
0.0121273	296227
0.0121275	272438
0.0121278	272836
0.012128	300261
0.0121282	305732
0.0121285	306201
0.0121287	299488
0.012129	299445
0.0121292	297849
0.0121294	292955
0.0121297	292428
0.0121299	292178
0.0121302	288987
0.0121304	288119
0.0121306	286529
0.0121309	285968
0.0121311	285517
0.0121314	281657
0.0121316	281783
0.0121318	277262
0.0121321	276427
0.0121323	275376
0.0121326	269041
0.0121328	271997
0.012133	275389
0.0121333	272157
0.0121335	267896
0.0121338	271792
0.012134	274658
0.0121342	274473
0.0121345	272641
0.0121347	270764
0.012135	269069
0.0121352	266551
0.0121354	262096
0.0121357	250416
0.0121359	241692
0.0121362	254862
0.0121364	257563
0.0121366	257283
0.0121369	257101
0.0121371	255945
0.0121374	255610
0.0121376	257860
0.0121378	262757
0.0121381	269168
0.0121383	271184
0.0121386	261635
0.0121388	253858
0.012139	250725
0.0121393	249027
0.0121395	245896
0.0121398	246998
0.01214	245660
0.0121402	243312
0.0121405	234709
0.0121407	218685
0.012141	221243
0.0121412	239310
0.0121414	243829
0.0121417	244082
0.0121419	243643
0.0121422	244980
0.0121424	243460
0.0121426	241478
0.0121429	241098
0.0121431	239380
0.0121434	239290
0.0121436	238427
0.0121438	237124
0.0121441	236769
0.0121443	234316
0.0121446	234609
0.0121448	235136
0.012145	234755
0.0121453	233936
0.0121455	232839
0.0121458	232639
0.012146	232718
0.0121462	233126
0.0121465	230156
0.0121467	228926
0.012147	229100
0.0121472	228149
0.0121474	225657
0.0121477	224553
0.0121479	225613
0.0121482	227712
0.0121484	227101
0.0121486	226880
0.0121489	225586
0.0121491	224908
0.0121494	225362
0.0121496	226355
0.0121498	224171
0.0121501	223017
0.0121503	222558
0.0121506	221635
0.0121508	222530
0.012151	220740
0.0121513	221617
0.0121515	221977
0.0121518	222425
0.012152	219598
0.0121522	220757
0.0121525	220928
0.0121527	217258
0.012153	218442
0.0121532	217398
0.0121534	217424
0.0121537	217129
0.0121539	216695
0.0121542	216270
0.0121544	216469
0.0121546	214774
0.0121549	214326
0.0121551	214898
0.0121554	213545
0.0121556	213524
0.0121558	213885
0.0121561	214240
0.0121563	212819
0.0121566	213896
0.0121568	212591
0.012157	211671
0.0121573	213004
0.0121575	212239
0.0121578	211451
0.012158	212180
0.0121582	210408
0.0121585	210512
0.0121587	211588
0.012159	210360
0.0121592	208799
0.0121594	210018
0.0121597	209175
0.0121599	208321
0.0121602	208560
0.0121604	211207
0.0121606	212556
0.0121609	220620
0.0121611	217150
0.0121614	211781
0.0121616	208562
0.0121618	205754
0.0121621	206099
0.0121623	204998
0.0121626	202666
0.0121628	201251
0.012163	202574
0.0121633	201338
0.0121635	201123
0.0121638	200931
0.012164	204394
0.0121642	204128
0.0121645	203219
0.0121647	204262
0.012165	202938
0.0121652	203042
0.0121654	202786
0.0121657	200789
0.0121659	199547
0.0121662	200791
0.0121664	200990
0.0121666	198938
0.0121669	198959
0.0121671	196566
0.0121674	198049
0.0121676	197952
0.0121678	197418
0.0121681	197761
0.0121683	197881
0.0121686	198321
0.0121688	195862
0.012169	197651
0.0121693	198079
0.0121695	196381
0.0121698	197085
0.01217	197044
0.0121702	196211
0.0121705	196071
0.0121707	196946
0.012171	195141
0.0121712	194242
0.0121714	193385
0.0121717	193736
0.0121719	194275
0.0121722	193678
0.0121724	193442
0.0121726	193109
0.0121729	192798
0.0121731	191535
0.0121734	190610
0.0121736	191060
0.0121738	190221
0.0121741	188639
0.0121743	188633
0.0121746	185924
0.0121748	182681
0.012175	182345
0.0121753	181012
0.0121755	176380
0.0121758	174954
0.012176	176078
0.0121762	176268
0.0121765	179205
0.0121767	180525
0.012177	180832
0.0121772	183295
0.0121774	184900
0.0121777	186182
0.0121779	186243
0.0121782	189103
0.0121784	186834
0.0121786	186925
0.0121789	186198
0.0121791	186505
0.0121794	186725
0.0121796	186486
0.0121798	186340
0.0121801	187942
0.0121803	188685
0.0121806	188032
0.0121808	187580
0.012181	186201
0.0121813	184821
0.0121815	184558
0.0121818	186754
0.012182	187478
0.0121822	186306
0.0121825	186748
0.0121827	185195
0.012183	184259
0.0121832	185403
0.0121834	185797
0.0121837	185768
0.0121839	184901
0.0121842	185906
0.0121844	185191
0.0121846	184208
0.0121849	183951
0.0121851	185018
0.0121854	184468
0.0121856	183764
0.0121858	183939
0.0121861	183044
0.0121863	183712
0.0121866	183151
0.0121868	183978
0.012187	182887
0.0121873	184268
0.0121875	184637
0.0121878	185654
0.012188	187334
0.0121882	185472
0.0121885	187008
0.0121887	186493
0.012189	184568
0.0121892	183149
0.0121894	183296
0.0121897	183259
0.0121899	182365
0.0121902	181837
0.0121904	181374
0.0121906	181796
0.0121909	180269
0.0121911	180245
0.0121914	180164
0.0121916	178085
0.0121918	181374
0.0121921	181004
0.0121923	178913
0.0121926	179062
0.0121928	178667
0.012193	178609
0.0121933	178030
0.0121935	178404
0.0121938	178861
0.012194	177749
0.0121942	179191
0.0121945	177971
0.0121947	178332
0.012195	178054
0.0121952	178279
0.0121954	178476
0.0121957	178681
0.0121959	179307
0.0121962	177065
0.0121964	177395
0.0121966	176867
0.0121969	177050
0.0121971	177481
0.0121974	177582
0.0121976	177556
0.0121978	176618
0.0121981	176178
0.0121983	176730
0.0121986	176673
0.0121988	175889
0.012199	175642
0.0121993	175933
0.0121995	174795
0.0121998	175132
0.0122	175194
0.0122002	176440
0.0122005	175597
0.0122007	174346
0.012201	175899
0.0122012	174849
0.0122014	175657
0.0122017	174553
0.0122019	173452
0.0122022	174182
0.0122024	173293
0.0122026	173647
0.0122029	173487
0.0122031	175284
0.0122034	174343
0.0122036	173226
0.0122038	172547
0.0122041	173311
0.0122043	173984
0.0122046	173208
0.0122048	173493
0.012205	173718
0.0122053	173072
0.0122055	172363
0.0122058	171825
0.012206	170565
0.0122062	172183
0.0122065	171041
0.0122067	172248
0.012207	172304
0.0122072	171584
0.0122074	172111
0.0122077	169628
0.0122079	168872
0.0122082	170082
0.0122084	170975
0.0122086	171706
0.0122089	172668
0.0122091	172550
0.0122094	170600
0.0122096	170517
0.0122098	170392
0.0122101	170596
0.0122103	170672
0.0122106	169131
0.0122108	170787
0.012211	170132
0.0122113	170724
0.0122115	169830
0.0122118	171446
0.012212	170734
0.0122122	172243
0.0122125	173969
0.0122127	173284
0.012213	172211
0.0122132	169957
0.0122134	170212
0.0122137	168272
0.0122139	168535
0.0122142	169546
0.0122144	169164
0.0122146	167427
0.0122149	169082
0.0122151	168907
0.0122154	168908
0.0122156	167047
0.0122158	167621
0.0122161	168818
0.0122163	170653
0.0122166	169387
0.0122168	168439
0.012217	168132
0.0122173	167127
0.0122175	166558
0.0122178	165965
0.012218	167367
0.0122182	165871
0.0122185	168297
0.0122187	167740
0.012219	166158
0.0122192	166411
0.0122194	165657
0.0122197	164943
0.0122199	165395
0.0122202	166814
0.0122204	165457
0.0122206	165694
0.0122209	165314
0.0122211	165236
0.0122214	166203
0.0122216	165011
0.0122218	165083
0.0122221	165121
0.0122223	165455
0.0122226	165452
0.0122228	163829
0.012223	164779
0.0122233	164927
0.0122235	165115
0.0122238	164720
0.012224	164937
0.0122242	163853
0.0122245	163556
0.0122247	163469
0.012225	165676
0.0122252	163831
0.0122254	162873
0.0122257	163540
0.0122259	161497
0.0122262	159906
0.0122264	159150
0.0122266	161376
0.0122269	162625
0.0122271	162026
0.0122274	162762
0.0122276	163951
0.0122278	162801
0.0122281	164931
0.0122283	166387
0.0122286	166125
0.0122288	163433
0.012229	163118
0.0122293	161401
0.0122295	162568
0.0122298	161879
0.01223	162650
0.0122302	162671
0.0122305	162571
0.0122307	161341
0.012231	161795
0.0122312	160388
0.0122314	159401
0.0122317	161236
0.0122319	162002
0.0122322	162778
0.0122324	163366
0.0122326	163974
0.0122329	160004
0.0122331	159982
0.0122334	161319
0.0122336	161823
0.0122338	160339
0.0122341	160376
0.0122343	159859
0.0122346	159698
0.0122348	160129
0.012235	158066
0.0122353	157047
0.0122355	157002
0.0122358	157925
0.012236	156864
0.0122362	157724
0.0122365	159652
0.0122367	159294
0.012237	158345
0.0122372	157882
0.0122374	160985
0.0122377	159521
0.0122379	159576
0.0122382	159279
0.0122384	158718
0.0122386	159591
0.0122389	159298
0.0122391	158951
0.0122394	157992
0.0122396	158024
0.0122398	158658
0.0122401	158023
0.0122403	158948
0.0122406	158688
0.0122408	157686
0.012241	157654
0.0122413	157383
0.0122415	156858
0.0122418	159286
0.012242	157247
0.0122422	160620
0.0122425	159587
0.0122427	159458
0.012243	158022
0.0122432	157314
0.0122434	157633
0.0122437	157388
0.0122439	155549
0.0122442	157206
0.0122444	156466
0.0122446	155852
0.0122449	155332
0.0122451	156885
0.0122454	154883
0.0122456	154925
0.0122458	154389
0.0122461	155356
0.0122463	154662
0.0122466	153961
0.0122468	155979
0.012247	155081
0.0122473	154910
0.0122475	155196
0.0122478	154316
0.012248	153798
0.0122482	153503
0.0122485	154162
0.0122487	155466
0.012249	155134
0.0122492	155260
0.0122494	153255
0.0122497	154479
0.0122499	156261
0.0122502	154866
0.0122504	155059
0.0122506	155271
0.0122509	154212
0.0122511	153152
0.0122514	154049
0.0122516	154023
0.0122518	155066
0.0122521	154060
0.0122523	153808
0.0122526	152901
0.0122528	153140
0.012253	154199
0.0122533	155245
0.0122535	155185
0.0122538	153135
0.012254	152258
0.0122542	153841
0.0122545	153243
0.0122547	152601
0.012255	152328
0.0122552	152893
0.0122554	152631
0.0122557	153801
0.0122559	153132
0.0122562	152357
0.0122564	152716
0.0122566	152183
0.0122569	152835
0.0122571	152579
0.0122574	152339
0.0122576	152494
0.0122578	152522
0.0122581	150827
0.0122583	151804
0.0122586	152241
0.0122588	151337
0.012259	151055
0.0122593	151879
0.0122595	150773
0.0122598	151165
0.01226	152771
0.0122602	151247
0.0122605	150900
0.0122607	150726
0.012261	150861
0.0122612	151066
0.0122614	150276
0.0122617	151501
0.0122619	151450
0.0122622	151220
0.0122624	151954
0.0122626	152585
0.0122629	151102
0.0122631	151186
0.0122634	151713
0.0122636	151205
0.0122638	150582
0.0122641	150239
0.0122643	150248
0.0122646	150320
0.0122648	150819
0.012265	150875
0.0122653	151094
0.0122655	151467
0.0122658	150223
0.012266	150191
0.0122662	149766
0.0122665	150704
0.0122667	149848
0.012267	149677
0.0122672	149976
0.0122674	149218
0.0122677	149543
0.0122679	148266
0.0122682	149317
0.0122684	148492
0.0122686	149281
0.0122689	148217
0.0122691	148756
0.0122694	150093
0.0122696	149337
0.0122698	148888
0.0122701	148778
0.0122703	148876
0.0122706	149799
0.0122708	149378
0.012271	149073
0.0122713	150177
0.0122715	148512
0.0122718	148174
0.012272	149505
0.0122722	148116
0.0122725	148911
0.0122727	149157
0.012273	147845
0.0122732	148462
0.0122734	148746
0.0122737	146985
0.0122739	148480
0.0122742	147667
0.0122744	146231
0.0122746	146946
0.0122749	146740
0.0122751	147741
0.0122754	146489
0.0122756	147130
0.0122758	145990
0.0122761	145895
0.0122763	145467
0.0122766	145653
0.0122768	146261
0.012277	147023
0.0122773	147214
0.0122775	148132
0.0122778	148115
0.012278	146233
0.0122782	147050
0.0122785	147997
0.0122787	148396
0.012279	146739
0.0122792	148355
0.0122794	148769
0.0122797	147393
0.0122799	146672
0.0122802	146038
0.0122804	146500
0.0122806	147247
0.0122809	146975
0.0122811	147912
0.0122814	147355
0.0122816	148032
0.0122818	145455
0.0122821	145393
0.0122823	144009
0.0122826	144622
0.0122828	145050
0.012283	144732
0.0122833	144200
0.0122835	144677
0.0122838	145448
0.012284	145126
0.0122842	145284
0.0122845	143943
0.0122847	145112
0.012285	145235
0.0122852	145849
0.0122854	146051
0.0122857	144524
0.0122859	144283
0.0122862	144902
0.0122864	144760
0.0122866	144782
0.0122869	144720
0.0122871	146262
0.0122874	144830
0.0122876	145310
0.0122878	145526
0.0122881	144595
0.0122883	145205
0.0122886	144549
0.0122888	144242
0.012289	143080
0.0122893	144862
0.0122895	143307
0.0122898	143402
0.01229	143714
0.0122902	143420
0.0122905	143134
0.0122907	143463
0.012291	143102
0.0122912	144030
0.0122914	143020
0.0122917	143252
0.0122919	143121
0.0122922	142552
0.0122924	143852
0.0122926	142337
0.0122929	142956
0.0122931	144453
0.0122934	142769
0.0122936	143341
0.0122938	142794
0.0122941	142735
0.0122943	142700
0.0122946	143642
0.0122948	141836
0.012295	142786
0.0122953	142596
0.0122955	142632
0.0122958	142773
0.012296	141875
0.0122962	141644
0.0122965	141292
0.0122967	142381
0.012297	142501
0.0122972	142424
0.0122974	141257
0.0122977	141650
0.0122979	141754
0.0122982	142028
0.0122984	142497
0.0122986	141408
0.0122989	142603
0.0122991	141988
0.0122994	142325
0.0122996	143020
0.0122998	141548
0.0123001	142466
0.0123003	141630
0.0123006	141203
0.0123008	141821
0.012301	141175
0.0123013	141345
0.0123015	142324
0.0123018	141651
0.012302	141892
0.0123022	140296
0.0123025	142101
0.0123027	141518
0.012303	141646
0.0123032	142008
0.0123034	140728
0.0123037	141411
0.0123039	142099
0.0123042	141573
0.0123044	140936
0.0123046	141499
0.0123049	140653
0.0123051	142168
0.0123054	140275
0.0123056	142159
0.0123058	142253
0.0123061	141838
0.0123063	141921
0.0123066	142159
0.0123068	143152
0.012307	143498
0.0123073	143111
0.0123075	142738
0.0123078	142935
0.012308	142640
0.0123082	140923
0.0123085	140516
0.0123087	140931
0.012309	140348
0.0123092	140727
0.0123094	139902
0.0123097	139616
0.0123099	139620
0.0123102	140552
0.0123104	139755
0.0123106	138785
0.0123109	139307
0.0123111	139495
0.0123114	140228
0.0123116	139458
0.0123118	139963
0.0123121	138998
0.0123123	139911
0.0123126	139903
0.0123128	139908
0.012313	140180
0.0123133	139845
0.0123135	138938
0.0123138	138925
0.012314	138420
0.0123142	139200
0.0123145	139459
0.0123147	138466
0.012315	138576
0.0123152	137777
0.0123154	136477
0.0123157	135643
0.0123159	135708
0.0123162	137422
0.0123164	137557
0.0123166	137486
0.0123169	136995
0.0123171	137808
0.0123174	136614
0.0123176	137498
0.0123178	137300
0.0123181	135628
0.0123183	136795
0.0123186	137839
0.0123188	137592
0.012319	137714
0.0123193	138451
0.0123195	137725
0.0123198	136676
0.01232	137713
0.0123202	137603
0.0123205	137971
0.0123207	137414
0.012321	138271
0.0123212	138388
0.0123214	137518
0.0123217	138227
0.0123219	137399
0.0123222	137381
0.0123224	137758
0.0123226	136493
0.0123229	136877
0.0123231	135552
0.0123234	136836
0.0123236	135925
0.0123238	136938
0.0123241	136618
0.0123243	136541
0.0123246	137078
0.0123248	137003
0.012325	136331
0.0123253	136703
0.0123255	136026
0.0123258	134989
0.012326	133684
0.0123262	130770
0.0123265	130814
0.0123267	131077
0.012327	130933
0.0123272	131205
0.0123274	132996
0.0123277	132727
0.0123279	134654
0.0123282	135984
0.0123284	134888
0.0123286	136117
0.0123289	135211
0.0123291	135791
0.0123294	135034
0.0123296	134469
0.0123298	134088
0.0123301	134477
0.0123303	135930
0.0123306	135011
0.0123308	134977
0.012331	134998
0.0123313	133619
0.0123315	134847
0.0123318	136464
0.012332	136143
0.0123322	134861
0.0123325	136477
0.0123327	135764
0.012333	134989
0.0123332	134757
0.0123334	134843
0.0123337	136467
0.0123339	135121
0.0123342	135123
0.0123344	134919
0.0123346	135246
0.0123349	135023
0.0123351	134805
0.0123354	135248
0.0123356	133733
0.0123358	134670
0.0123361	134718
0.0123363	133625
0.0123366	134456
0.0123368	135021
0.012337	134189
0.0123373	134822
0.0123375	134528
0.0123378	135576
0.012338	133535
0.0123382	134522
0.0123385	134768
0.0123387	133649
0.012339	134539
0.0123392	133361
0.0123394	133400
0.0123397	133758
0.0123399	134114
0.0123402	134674
0.0123404	134240
0.0123406	133456
0.0123409	133608
0.0123411	133968
0.0123414	133584
0.0123416	133679
0.0123418	132897
0.0123421	133109
0.0123423	132466
0.0123426	132573
0.0123428	133347
0.012343	132485
0.0123433	133386
0.0123435	133999
0.0123438	133559
0.012344	133562
0.0123442	133477
0.0123445	132858
0.0123447	133211
0.012345	131659
0.0123452	133190
0.0123454	132043
0.0123457	132066
0.0123459	131932
0.0123462	133479
0.0123464	132153
0.0123466	132385
0.0123469	132016
0.0123471	132253
0.0123474	132761
0.0123476	131809
0.0123478	132272
0.0123481	132933
0.0123483	132137
0.0123486	132407
0.0123488	131049
0.012349	132374
0.0123493	132316
0.0123495	130326
0.0123498	132196
0.01235	131570
0.0123502	132704
0.0123505	132906
0.0123507	131689
0.012351	130668
0.0123512	131412
0.0123514	131711
0.0123517	131777
0.0123519	132529
0.0123522	131827
0.0123524	131494
0.0123526	132064
0.0123529	131592
0.0123531	130779
0.0123534	131850
0.0123536	131121
0.0123538	131831
0.0123541	130805
0.0123543	130844
0.0123546	132227
0.0123548	130832
0.012355	130327
0.0123553	130152
0.0123555	131091
0.0123558	129956
0.012356	130836
0.0123562	131055
0.0123565	129915
0.0123567	130406
0.012357	131746
0.0123572	131645
0.0123574	131796
0.0123577	132405
0.0123579	132997
0.0123582	132466
0.0123584	132830
0.0123586	132162
0.0123589	130273
0.0123591	129938
0.0123594	129023
0.0123596	127632
0.0123598	126133
0.0123601	126899
0.0123603	126521
0.0123606	126911
0.0123608	127705
0.012361	127091
0.0123613	128202
0.0123615	128323
0.0123618	129001
0.012362	126249
0.0123622	126269
0.0123625	126211
0.0123627	124049
0.012363	121230
0.0123632	117860
0.0123634	112505
0.0123637	106974
0.0123639	100825
0.0123642	97059
0.0123644	94185
0.0123646	94027
0.0123649	96283
0.0123651	99118
0.0123654	104663
0.0123656	110032
0.0123658	113766
0.0123661	118480
0.0123663	120167
0.0123666	121914
0.0123668	124002
0.012367	123834
0.0123673	124656
0.0123675	125033
0.0123678	126979
0.012368	126807
0.0123682	125674
0.0123685	126109
0.0123687	126452
0.012369	127774
0.0123692	128391
0.0123694	128513
0.0123697	128915
0.0123699	129004
0.0123702	128227
0.0123704	127482
0.0123706	126595
0.0123709	127206
0.0123711	127267
0.0123714	127303
0.0123716	128288
0.0123718	126169
0.0123721	126134
0.0123723	126222
0.0123726	126566
0.0123728	127562
0.012373	128072
0.0123733	127747
0.0123735	128308
0.0123738	128963
0.012374	127188
0.0123742	127469
0.0123745	126068
0.0123747	126839
0.012375	127571
0.0123752	126996
0.0123754	126776
0.0123757	127144
0.0123759	126864
0.0123762	127433
0.0123764	127020
0.0123766	128057
0.0123769	127413
0.0123771	127800
0.0123774	128497
0.0123776	127840
0.0123778	127948
0.0123781	128601
0.0123783	127955
0.0123786	127731
0.0123788	127691
0.012379	127747
0.0123793	127160
0.0123795	128222
0.0123798	127190
0.01238	128007
0.0123802	127805
0.0123805	128403
0.0123807	128883
0.012381	127663
0.0123812	127407
0.0123814	128111
0.0123817	127623
0.0123819	127753
0.0123822	128708
0.0123824	126548
0.0123826	127429
0.0123829	126810
0.0123831	127818
0.0123834	127554
0.0123836	127867
0.0123838	127438
0.0123841	127607
0.0123843	127465
0.0123846	126984
0.0123848	126972
0.012385	126774
0.0123853	126568
0.0123855	125940
0.0123858	125844
0.012386	126860
0.0123862	126672
0.0123865	126756
0.0123867	125832
0.012387	126112
0.0123872	126920
0.0123874	127735
0.0123877	125494
0.0123879	125080
0.0123882	125967
0.0123884	125881
0.0123886	125963
0.0123889	126416
0.0123891	125293
0.0123894	125428
0.0123896	125998
0.0123898	126304
0.0123901	125995
0.0123903	126100
0.0123906	125625
0.0123908	126947
0.012391	125493
0.0123913	125795
0.0123915	125773
0.0123918	126464
0.012392	125659
0.0123922	126206
0.0123925	125398
0.0123927	125180
0.012393	125096
0.0123932	125032
0.0123934	125743
0.0123937	124943
0.0123939	124765
0.0123942	126144
0.0123944	125565
0.0123946	125820
0.0123949	125608
0.0123951	125681
0.0123954	124554
0.0123956	125427
0.0123958	126456
0.0123961	126948
0.0123963	125263
0.0123966	126043
0.0123968	126005
0.012397	125576
0.0123973	124855
0.0123975	124837
0.0123978	123710
0.012398	122595
0.0123982	124437
0.0123985	122984
0.0123987	121881
0.012399	123488
0.0123992	123049
0.0123994	122610
0.0123997	123030
0.0123999	123555
0.0124002	122874
0.0124004	123581
0.0124006	122713
0.0124009	122780
0.0124011	123490
0.0124014	122562
0.0124016	122847
0.0124018	123594
0.0124021	124259
0.0124023	122284
0.0124026	123477
0.0124028	123770
0.012403	122432
0.0124033	123268
0.0124035	123443
0.0124038	122718
0.012404	122372
0.0124042	123783
0.0124045	122334
0.0124047	123317
0.012405	123177
0.0124052	123132
0.0124054	124048
0.0124057	122972
0.0124059	123405
0.0124062	121757
0.0124064	121906
0.0124066	121362
0.0124069	121020
0.0124071	121404
0.0124074	120873
0.0124076	119536
0.0124078	118328
0.0124081	118005
0.0124083	115399
0.0124086	111276
0.0124088	110516
0.012409	108995
0.0124093	107530
0.0124095	105410
0.0124098	104385
0.01241	104259
0.0124102	104611
0.0124105	106405
0.0124107	108705
0.012411	109980
0.0124112	112095
0.0124114	112794
0.0124117	115372
0.0124119	116214
0.0124122	117598
0.0124124	118922
0.0124126	119180
0.0124129	120427
0.0124131	120089
0.0124134	121562
0.0124136	121612
0.0124138	121649
0.0124141	121383
0.0124143	121362
0.0124146	122028
0.0124148	121545
0.012415	121967
0.0124153	120960
0.0124155	121938
0.0124158	121935
0.012416	120985
0.0124162	122029
0.0124165	122865
0.0124167	121110
0.012417	121168
0.0124172	121866
0.0124174	121925
0.0124177	122632
0.0124179	123349
0.0124182	123758
0.0124184	122343
0.0124186	121793
0.0124189	121886
0.0124191	122421
0.0124194	122454
0.0124196	120929
0.0124198	119910
0.0124201	121827
0.0124203	121392
0.0124206	121135
0.0124208	121659
0.012421	121454
0.0124213	122001
0.0124215	122976
0.0124218	121268
0.012422	121517
0.0124222	121769
0.0124225	121161
0.0124227	121407
0.012423	121164
0.0124232	122152
0.0124234	121159
0.0124237	121279
0.0124239	122332
0.0124242	121344
0.0124244	122074
0.0124246	121312
0.0124249	121708
0.0124251	121582
0.0124254	121107
0.0124256	122660
0.0124258	121688
0.0124261	121446
0.0124263	121187
0.0124266	121567
0.0124268	122457
0.012427	121726
0.0124273	122542
0.0124275	121651
0.0124278	121672
0.012428	122299
0.0124282	121117
0.0124285	121534
0.0124287	121030
0.012429	120921
0.0124292	120882
0.0124294	121468
0.0124297	121563
0.0124299	121747
0.0124302	121329
0.0124304	120173
0.0124306	122476
0.0124309	121130
0.0124311	120605
0.0124314	121744
0.0124316	120811
0.0124318	120864
0.0124321	120541
0.0124323	120928
0.0124326	120681
0.0124328	121118
0.012433	120798
0.0124333	120838
0.0124335	121194
0.0124338	119839
0.012434	120912
0.0124342	120450
0.0124345	119861
0.0124347	120207
0.012435	120553
0.0124352	121091
0.0124354	120864
0.0124357	121043
0.0124359	119468
0.0124362	120296
0.0124364	120618
0.0124366	119973
0.0124369	120204
0.0124371	120028
0.0124374	120937
0.0124376	120036
0.0124378	119458
0.0124381	121552
0.0124383	121175
0.0124386	120756
0.0124388	120303
0.012439	121152
0.0124393	120755
0.0124395	121179
0.0124398	121317
0.01244	119925
0.0124402	119281
0.0124405	119810
0.0124407	120267
0.012441	121216
0.0124412	119273
0.0124414	120051
0.0124417	120322
0.0124419	119715
0.0124422	120244
0.0124424	120718
0.0124426	118842
0.0124429	119841
0.0124431	120417
0.0124434	119625
0.0124436	119374
0.0124438	119786
0.0124441	120192
0.0124443	119609
0.0124446	119584
0.0124448	119908
0.012445	119590
0.0124453	119207
0.0124455	120071
0.0124458	119501
0.012446	119789
0.0124462	119467
0.0124465	118812
0.0124467	119328
0.012447	117951
0.0124472	118306
0.0124474	119588
0.0124477	118970
0.0124479	118761
0.0124482	119428
0.0124484	118147
0.0124486	118562
0.0124489	119695
0.0124491	118605
0.0124494	118648
0.0124496	119329
0.0124498	118889
0.0124501	118328
0.0124503	117587
0.0124506	118784
0.0124508	118875
0.012451	118888
0.0124513	118719
0.0124515	118175
0.0124518	117799
0.012452	118147
0.0124522	118067
0.0124525	118619
0.0124527	119436
0.012453	119925
0.0124532	118347
0.0124534	118416
0.0124537	118063
0.0124539	118485
0.0124542	118689
0.0124544	119386
0.0124546	119031
0.0124549	118259
0.0124551	118813
0.0124554	118837
0.0124556	118723
0.0124558	118888
0.0124561	117824
0.0124563	119127
0.0124566	117911
0.0124568	117126
0.012457	118741
0.0124573	118339
0.0124575	117324
0.0124578	118051
0.012458	119022
0.0124582	118389
0.0124585	119022
0.0124587	117061
0.012459	117711
0.0124592	118265
0.0124594	117998
0.0124597	117642
0.0124599	118094
0.0124602	117385
0.0124604	117534
0.0124606	118443
0.0124609	117620
0.0124611	118222
0.0124614	118617
0.0124616	119444
0.0124618	117175
0.0124621	118641
0.0124623	117059
0.0124626	117953
0.0124628	117692
0.012463	117645
0.0124633	116498
0.0124635	117552
0.0124638	117037
0.012464	117850
0.0124642	118567
0.0124645	118206
0.0124647	117147
0.012465	117806
0.0124652	117620
0.0124654	118321
0.0124657	117848
0.0124659	117311
0.0124662	118608
0.0124664	118088
0.0124666	118138
0.0124669	117084
0.0124671	117288
0.0124674	117034
0.0124676	117554
0.0124678	117296
0.0124681	118355
0.0124683	116526
0.0124686	117666
0.0124688	117131
0.012469	118192
0.0124693	117692
0.0124695	117154
0.0124698	117285
0.01247	117026
0.0124702	116850
0.0124705	117213
0.0124707	116793
0.012471	116501
0.0124712	116386
0.0124714	116347
0.0124717	117221
0.0124719	117799
0.0124722	116430
0.0124724	117223
0.0124726	117637
0.0124729	117669
0.0124731	116982
0.0124734	116103
0.0124736	117446
0.0124738	116555
0.0124741	116789
0.0124743	116581
0.0124746	116403
0.0124748	116415
0.012475	117092
0.0124753	116569
0.0124755	115951
0.0124758	116778
0.012476	117023
0.0124762	117310
0.0124765	116247
0.0124767	117078
0.012477	116694
0.0124772	116470
0.0124774	117024
0.0124777	116720
0.0124779	117020
0.0124782	117094
0.0124784	115588
0.0124786	115742
0.0124789	115908
0.0124791	117641
0.0124794	117227
0.0124796	116125
0.0124798	116507
0.0124801	116491
0.0124803	117094
0.0124806	117020
0.0124808	116334
0.012481	115844
0.0124813	115685
0.0124815	116118
0.0124818	115386
0.012482	117013
0.0124822	116618
0.0124825	116130
0.0124827	115548
0.012483	116675
0.0124832	116107
0.0124834	116489
0.0124837	115892
0.0124839	115351
0.0124842	115357
0.0124844	115904
0.0124846	116690
0.0124849	115654
0.0124851	115697
0.0124854	116455
0.0124856	116310
0.0124858	115013
0.0124861	115757
0.0124863	116262
0.0124866	115594
0.0124868	115592
0.012487	114766
0.0124873	115860
0.0124875	116342
0.0124878	115191
0.012488	115416
0.0124882	116349
0.0124885	116383
0.0124887	115117
0.012489	115369
0.0124892	115548
0.0124894	115590
0.0124897	116098
0.0124899	114946
0.0124902	115818
0.0124904	115769
0.0124906	117255
0.0124909	115083
0.0124911	115099
0.0124914	115745
0.0124916	114941
0.0124918	114774
0.0124921	115849
0.0124923	115014
0.0124926	115292
0.0124928	114478
0.012493	114936
0.0124933	114170
0.0124935	115310
0.0124938	115501
0.012494	115456
0.0124942	115309
0.0124945	115745
0.0124947	115896
0.012495	115016
0.0124952	115014
0.0124954	115051
0.0124957	115952
0.0124959	114995
0.0124962	115257
0.0124964	115222
0.0124966	115488
0.0124969	114858
0.0124971	115086
0.0124974	115675
0.0124976	115269
0.0124978	114337
0.0124981	116358
0.0124983	114823
0.0124986	114911
0.0124988	115944
0.012499	114850
0.0124993	115028
0.0124995	115841
0.0124998	114929
0.0125	114264
0.0125002	115077
0.0125005	114442
0.0125007	115718
0.012501	115109
0.0125012	115817
0.0125014	114797
0.0125017	115217
0.0125019	115474
0.0125022	114845
0.0125024	115316
0.0125026	114972
0.0125029	114529
0.0125031	114666
0.0125034	115265
0.0125036	115192
0.0125038	115497
0.0125041	114735
0.0125043	114796
0.0125046	115058
0.0125048	114349
0.012505	114927
0.0125053	113991
0.0125055	114930
0.0125058	113638
0.012506	114522
0.0125062	114843
0.0125065	113750
0.0125067	114098
0.012507	114665
0.0125072	113849
0.0125074	113790
0.0125077	113978
0.0125079	114865
0.0125082	113793
0.0125084	113915
0.0125086	113660
0.0125089	114135
0.0125091	113212
0.0125094	114450
0.0125096	114520
0.0125098	114048
0.0125101	113717
0.0125103	114113
0.0125106	114228
0.0125108	114749
0.012511	112988
0.0125113	114270
0.0125115	115581
0.0125118	113849
0.012512	113959
0.0125122	114000
0.0125125	114852
0.0125127	114843
0.012513	114275
0.0125132	113914
0.0125134	113020
0.0125137	113765
0.0125139	114048
0.0125142	114078
0.0125144	113888
0.0125146	113051
0.0125149	113115
0.0125151	114278
0.0125154	113622
0.0125156	113777
0.0125158	113959
0.0125161	113322
0.0125163	113174
0.0125166	113937
0.0125168	113358
0.012517	112767
0.0125173	113896
0.0125175	113142
0.0125178	114237
0.012518	113542
0.0125182	114118
0.0125185	112776
0.0125187	113404
0.012519	113215
0.0125192	114026
0.0125194	113710
0.0125197	112678
0.0125199	114155
0.0125202	113977
0.0125204	112725
0.0125206	112781
0.0125209	113588
0.0125211	112906
0.0125214	112830
0.0125216	113517
0.0125218	113393
0.0125221	112837
0.0125223	112751
0.0125226	113508
0.0125228	113548
0.012523	113270
0.0125233	114063
0.0125235	113221
0.0125238	113967
0.012524	112843
0.0125242	113915
0.0125245	113052
0.0125247	113186
0.012525	113002
0.0125252	112431
0.0125254	113129
0.0125257	113306
0.0125259	112948
0.0125262	113417
0.0125264	113035
0.0125266	113063
0.0125269	113578
0.0125271	113656
0.0125274	112589
0.0125276	112382
0.0125278	112380
0.0125281	112287
0.0125283	113483
0.0125286	113516
0.0125288	112379
0.012529	112335
0.0125293	111593
0.0125295	112612
0.0125298	112499
0.01253	112431
0.0125302	113331
0.0125305	112462
0.0125307	113062
0.012531	111828
0.0125312	111566
0.0125314	112454
0.0125317	112612
0.0125319	112349
0.0125322	111510
0.0125324	112178
0.0125326	111553
0.0125329	112071
0.0125331	111748
0.0125334	111033
0.0125336	111450
0.0125338	111973
0.0125341	111377
0.0125343	112803
0.0125346	111518
0.0125348	111844
0.012535	111166
0.0125353	111325
0.0125355	111467
0.0125358	111560
0.012536	112053
0.0125362	112650
0.0125365	111472
0.0125367	111631
0.012537	110956
0.0125372	112071
0.0125374	112578
0.0125377	112069
0.0125379	110987
0.0125382	112201
0.0125384	111176
0.0125386	112169
0.0125389	110977
0.0125391	112305
0.0125394	111999
0.0125396	112753
0.0125398	112919
0.0125401	112064
0.0125403	111211
0.0125406	111408
0.0125408	111607
0.012541	112781
0.0125413	112478
0.0125415	111046
0.0125418	111595
0.012542	112649
0.0125422	112407
0.0125425	112338
0.0125427	112132
0.012543	111243
0.0125432	111850
0.0125434	111772
0.0125437	111968
0.0125439	112022
0.0125442	111218
0.0125444	111017
0.0125446	111830
0.0125449	111375
0.0125451	110938
0.0125454	111167
0.0125456	112420
0.0125458	110502
0.0125461	111463
0.0125463	111863
0.0125466	111316
0.0125468	111001
0.012547	110365
0.0125473	111006
0.0125475	111806
0.0125478	111377
0.012548	111870
0.0125482	110909
0.0125485	111478
0.0125487	110290
0.012549	111507
0.0125492	111450
0.0125494	110769
0.0125497	111851
0.0125499	111686
0.0125502	111463
0.0125504	111823
0.0125506	112125
0.0125509	111487
0.0125511	110111
0.0125514	110149
0.0125516	111231
0.0125518	110600
0.0125521	110193
0.0125523	110635
0.0125526	111221
0.0125528	109783
0.012553	110914
0.0125533	110626
0.0125535	110950
0.0125538	110022
0.012554	111035
0.0125542	110680
0.0125545	111077
0.0125547	109965
0.012555	110729
0.0125552	111184
0.0125554	110328
0.0125557	110781
0.0125559	109640
0.0125562	111531
0.0125564	111400
0.0125566	110947
0.0125569	110399
0.0125571	110709
0.0125574	109065
0.0125576	110016
0.0125578	110895
0.0125581	110823
0.0125583	109678
0.0125586	109934
0.0125588	110075
0.012559	110442
0.0125593	109660
0.0125595	110523
0.0125598	110377
0.01256	110060
0.0125602	109432
0.0125605	110509
0.0125607	109713
0.012561	110256
0.0125612	109615
0.0125614	109577
0.0125617	109847
0.0125619	109682
0.0125622	110581
0.0125624	108344
0.0125626	109574
0.0125629	109076
0.0125631	109463
0.0125634	110025
0.0125636	109647
0.0125638	109723
0.0125641	110151
0.0125643	109625
0.0125646	108633
0.0125648	109205
0.012565	109154
0.0125653	109575
0.0125655	108768
0.0125658	109422
0.012566	108505
0.0125662	110365
0.0125665	110208
0.0125667	109786
0.012567	109416
0.0125672	108509
0.0125674	108839
0.0125677	109083
0.0125679	109854
0.0125682	108454
0.0125684	108933
0.0125686	110138
0.0125689	107644
0.0125691	110118
0.0125694	108663
0.0125696	109467
0.0125698	109938
0.0125701	108407
0.0125703	107437
0.0125706	107933
0.0125708	106899
0.012571	106937
0.0125713	108546
0.0125715	107871
0.0125718	107680
0.012572	107601
0.0125722	107809
0.0125725	107944
0.0125727	106704
0.012573	106710
0.0125732	107249
0.0125734	106966
0.0125737	105962
0.0125739	104521
0.0125742	104666
0.0125744	103981
0.0125746	105195
0.0125749	103355
0.0125751	103162
0.0125754	103407
0.0125756	102073
0.0125758	101732
0.0125761	99908
0.0125763	99790
0.0125766	98794
0.0125768	96873
0.012577	95175
0.0125773	93903
0.0125775	94234
0.0125778	93836
0.012578	91870
0.0125782	91234
0.0125785	89198
0.0125787	88733
0.012579	88702
0.0125792	87976
0.0125794	86855
0.0125797	87044
0.0125799	86254
0.0125802	85961
0.0125804	86665
0.0125806	86960
0.0125809	87267
0.0125811	87432
0.0125814	88407
0.0125816	89477
0.0125818	89202
0.0125821	90809
0.0125823	90884
0.0125826	91866
0.0125828	94180
0.012583	93895
0.0125833	94343
0.0125835	96209
0.0125838	96758
0.012584	97079
0.0125842	98552
0.0125845	99276
0.0125847	99047
0.012585	100895
0.0125852	101642
0.0125854	102233
0.0125857	102060
0.0125859	103096
0.0125862	102787
0.0125864	104652
0.0125866	104873
0.0125869	105056
0.0125871	104740
0.0125874	105381
0.0125876	106208
0.0125878	106441
0.0125881	106130
0.0125883	107044
0.0125886	106878
0.0125888	108474
0.012589	108589
0.0125893	108109
0.0125895	107612
0.0125898	109306
0.01259	109794
0.0125902	109365
0.0125905	109216
0.0125907	110230
0.012591	111370
0.0125912	110793
0.0125914	111509
0.0125917	111431
0.0125919	112325
0.0125922	111940
0.0125924	112678
0.0125926	112647
0.0125929	112969
0.0125931	113449
0.0125934	112746
0.0125936	113410
0.0125938	113905
0.0125941	112999
0.0125943	113288
0.0125946	113641
0.0125948	113324
0.012595	111895
0.0125953	111556
0.0125955	112465
0.0125958	112127
0.012596	113296
0.0125962	112878
0.0125965	112247
0.0125967	111068
0.012597	111203
0.0125972	111206
0.0125974	110992
0.0125977	111204
0.0125979	111961
0.0125982	110563
0.0125984	110644
0.0125986	109959
0.0125989	109851
0.0125991	109526
0.0125994	108344
0.0125996	109774
0.0125998	108333
0.0126001	108783
0.0126003	109191
0.0126006	108046
0.0126008	108315
0.012601	107947
0.0126013	108567
0.0126015	109129
0.0126018	108740
0.012602	108336
0.0126022	108067
0.0126025	107468
0.0126027	108195
0.012603	108215
0.0126032	108856
0.0126034	107525
0.0126037	107762
0.0126039	107647
0.0126042	107252
0.0126044	107552
0.0126046	107858
0.0126049	106802
0.0126051	107474
0.0126054	106830
0.0126056	107366
0.0126058	107014
0.0126061	108001
0.0126063	106832
0.0126066	106785
0.0126068	108179
0.012607	107170
0.0126073	106994
0.0126075	108194
0.0126078	107365
0.012608	107068
0.0126082	106755
0.0126085	106661
0.0126087	106233
0.012609	106506
0.0126092	106383
0.0126094	106070
0.0126097	106527
0.0126099	106988
0.0126102	106048
0.0126104	105848
0.0126106	106185
0.0126109	106175
0.0126111	105278
0.0126114	105411
0.0126116	105898
0.0126118	104868
0.0126121	106790
0.0126123	105024
0.0126126	105793
0.0126128	104863
0.012613	104637
0.0126133	104814
0.0126135	104297
0.0126138	104860
0.012614	104404
0.0126142	104072
0.0126145	103672
0.0126147	104170
0.012615	103251
0.0126152	102788
0.0126154	102867
0.0126157	103547
0.0126159	102706
0.0126162	102297
0.0126164	102322
0.0126166	100882
0.0126169	100477
0.0126171	99936
0.0126174	101643
0.0126176	101482
0.0126178	99996
0.0126181	99647
0.0126183	98506
0.0126186	99267
0.0126188	98646
0.012619	98305
0.0126193	96542
0.0126195	96443
0.0126198	96602
0.01262	95916
0.0126202	94320
0.0126205	94062
0.0126207	94094
0.012621	92653
0.0126212	92542
0.0126214	92416
0.0126217	91476
0.0126219	91011
0.0126222	90741
0.0126224	90501
0.0126226	89178
0.0126229	89646
0.0126231	90059
0.0126234	89477
0.0126236	88130
0.0126238	88332
0.0126241	88320
0.0126243	87759
0.0126246	88160
0.0126248	88029
0.012625	88808
0.0126253	88418
0.0126255	89217
0.0126258	90068
0.012626	89952
0.0126262	89365
0.0126265	90363
0.0126267	91019
0.012627	92204
0.0126272	91674
0.0126274	91429
0.0126277	92285
0.0126279	92506
0.0126282	93766
0.0126284	94012
0.0126286	94943
0.0126289	95036
0.0126291	96057
0.0126294	95567
0.0126296	96644
0.0126298	96262
0.0126301	96889
0.0126303	97982
0.0126306	98596
0.0126308	98265
0.012631	99644
0.0126313	100278
0.0126315	98488
0.0126318	99597
0.012632	100202
0.0126322	100490
0.0126325	100563
0.0126327	100813
0.012633	101065
0.0126332	101831
0.0126334	101887
0.0126337	102400
0.0126339	102360
0.0126342	102785
0.0126344	103392
0.0126346	103595
0.0126349	103615
0.0126351	104245
0.0126354	104632
0.0126356	103973
0.0126358	103845
0.0126361	104191
0.0126363	103783
0.0126366	104497
0.0126368	104820
0.012637	104685
0.0126373	104661
0.0126375	104199
0.0126378	104291
0.012638	104961
0.0126382	106121
0.0126385	105119
0.0126387	105822
0.012639	106121
0.0126392	105619
0.0126394	106096
0.0126397	105534
0.0126399	104618
0.0126402	105603
0.0126404	105595
0.0126406	106092
0.0126409	106932
0.0126411	105585
0.0126414	104509
0.0126416	105636
0.0126418	106758
0.0126421	106863
0.0126423	106638
0.0126426	106138
0.0126428	106092
0.012643	106340
0.0126433	105846
0.0126435	105887
0.0126438	106843
0.012644	106076
0.0126442	105956
0.0126445	106049
0.0126447	105447
0.012645	106166
0.0126452	105679
0.0126454	104561
0.0126457	105261
0.0126459	105210
0.0126462	105838
0.0126464	106373
0.0126466	106669
0.0126469	106746
0.0126471	107330
0.0126474	106790
0.0126476	106081
0.0126478	105680
0.0126481	107162
0.0126483	106694
0.0126486	106378
0.0126488	106763
0.012649	106189
0.0126493	105260
0.0126495	105911
0.0126498	106537
0.01265	106885
0.0126502	106301
0.0126505	106514
0.0126507	106289
0.012651	106609
0.0126512	106266
0.0126514	106047
0.0126517	106037
0.0126519	105928
0.0126522	106546
0.0126524	106424
0.0126526	106285
0.0126529	105563
0.0126531	105682
0.0126534	106969
0.0126536	106595
0.0126538	106078
0.0126541	106401
0.0126543	105879
0.0126546	106724
0.0126548	105853
0.012655	105890
0.0126553	106766
0.0126555	106438
0.0126558	106237
0.012656	105535
0.0126562	106149
0.0126565	106718
0.0126567	106320
0.012657	106864
0.0126572	107995
0.0126574	106137
0.0126577	106657
0.0126579	106143
0.0126582	106224
0.0126584	106529
0.0126586	106088
0.0126589	105469
0.0126591	104723
0.0126594	105743
0.0126596	105844
0.0126598	105852
0.0126601	105841
0.0126603	105295
0.0126606	106438
0.0126608	106011
0.012661	105919
0.0126613	106177
0.0126615	106081
0.0126618	106048
0.012662	106703
0.0126622	106240
0.0126625	106044
0.0126627	105863
0.012663	105494
0.0126632	105776
0.0126634	106574
0.0126637	106109
0.0126639	106510
0.0126642	106451
0.0126644	106563
0.0126646	106078
0.0126649	106540
0.0126651	106624
0.0126654	105909
0.0126656	106853
0.0126658	106729
0.0126661	106577
0.0126663	106161
0.0126666	106482
0.0126668	106196
0.012667	105446
0.0126673	105714
0.0126675	106024
0.0126678	105890
0.012668	106096
0.0126682	106505
0.0126685	105867
0.0126687	105215
0.012669	105039
0.0126692	106050
0.0126694	105824
0.0126697	105395
0.0126699	105342
0.0126702	104868
0.0126704	105271
0.0126706	106684
0.0126709	106297
0.0126711	105982
0.0126714	105462
0.0126716	105250
0.0126718	107051
0.0126721	105646
0.0126723	106995
0.0126726	105515
0.0126728	106316
0.012673	106447
0.0126733	105707
0.0126735	105729
0.0126738	106187
0.012674	106040
0.0126742	106648
0.0126745	106448
0.0126747	105457
0.012675	105916
0.0126752	105656
0.0126754	105810
0.0126757	105500
0.0126759	105468
0.0126762	106191
0.0126764	105642
0.0126766	105728
0.0126769	105693
0.0126771	105480
0.0126774	105132
0.0126776	106411
0.0126778	105753
0.0126781	104581
0.0126783	105161
0.0126786	105268
0.0126788	106304
0.012679	104803
0.0126793	104888
0.0126795	106428
0.0126798	106938
0.01268	105551
0.0126802	106462
0.0126805	105746
0.0126807	105360
0.012681	105864
0.0126812	105412
0.0126814	106579
0.0126817	105854
0.0126819	104556
0.0126822	105708
0.0126824	105517
0.0126826	105537
0.0126829	106159
0.0126831	105213
0.0126834	105794
0.0126836	106459
0.0126838	105407
0.0126841	105707
0.0126843	105296
0.0126846	106082
0.0126848	105752
0.012685	106131
0.0126853	105628
0.0126855	105206
0.0126858	106229
0.012686	105992
0.0126862	104509
0.0126865	105072
0.0126867	105246
0.012687	105608
0.0126872	105388
0.0126874	106034
0.0126877	105253
0.0126879	105914
0.0126882	105287
0.0126884	105668
0.0126886	105481
0.0126889	105601
0.0126891	106082
0.0126894	104808
0.0126896	105367
0.0126898	104920
0.0126901	105239
0.0126903	104971
0.0126906	105472
0.0126908	105424
0.012691	106287
0.0126913	104683
0.0126915	105549
0.0126918	105285
0.012692	105958
0.0126922	105781
0.0126925	105951
0.0126927	106331
0.012693	105964
0.0126932	105992
0.0126934	106994
0.0126937	105534
0.0126939	105309
0.0126942	105823
0.0126944	101808
0.0131006	21714544
0.0131518	21295162
0.013203	21130188
0.0132542	20940424
0.0133054	20732383
0.0133566	20668617
0.0134078	20594916
0.013459	20424202
0.0135102	20146600
0.0135614	19837708
0.0136126	19551865
0.0136638	19299485
0.013715	19070285
0.0137662	18858753
0.0138174	18635439
0.0138686	18360459
0.0139198	18077448
0.013971	17756038
0.0140222	17413468
0.0140734	17070859
0.0141246	16777324
0.0141758	16452383
0.014227	16180588
0.0142782	15920193
0.0143294	15682502
0.0143806	15477173
0.0144318	15314100
0.014483	15176458
0.0145342	15081182
0.0145854	15001827
0.0146366	14981811
0.0146878	15004364
0.014739	15088297
0.0147902	15193304
0.0148414	15335074
0.0148926	15490323
0.0149438	15650842
0.014995	15802036
0.0150462	15909129
0.0150974	16053082
0.0151486	16212148
0.0151998	16345881
0.015251	16450597
0.0153022	16562310
0.0153534	16651344
0.0154046	16730296
0.0154558	16865931
0.015507	17000643
0.0155582	17130291
0.0156094	17355879
0.0156606	18065100
0.0157118	18463155
0.015763	18769385
